[[[211.0, 128.0]], [[422.0, 156.0]]]
[[[211.0, 128.0]], [[422.0, 156.0]]]
[[[210.84521484375, 117.00884246826172]], [[418.4072570800781, 144.5195770263672]]]
[[[213.92726135253906, 116.90459442138672]], [[418.00048828125, 144.65113830566406]]]
[[[213.92733764648438, 116.9049072265625]], [[418.00421142578125, 144.6521453857422]]]
[[[219.28387451171875, 117.66474151611328]], [[412.1634521484375, 139.90736389160156]]]
[[[224.02459716796875, 130.6202392578125]], [[412.1490783691406, 134.7991943359375]]]
[[[224.0249786376953, 130.62054443359375]], [[412.1490783691406, 134.7991943359375]]]
[[[223.87376403808594, 149.4534912109375]], [[410.40081787109375, 139.622314453125]]]
[[[226.44662475585938, 160.1770782470703]], [[412.7584228515625, 123.99687194824219]]]
[[[226.4468231201172, 160.17713928222656]], [[412.736572265625, 124.00444793701172]]]
[[[226.18838500976562, 162.92787170410156]], [[416.959228515625, 122.67241668701172]]]
[[[228.40386962890625, 154.76644897460938]], [[412.5760498046875, 102.80004119873047]]]
[[[228.4126739501953, 154.7720489501953]], [[412.5764465332031, 102.7999267578125]]]
[[[228.53041076660156, 150.53350830078125]], [[412.2637939453125, 108.1845932006836]]]
[[[228.77145385742188, 142.5338592529297]], [[412.186767578125, 110.29302215576172]]]
[[[228.78903198242188, 142.5320281982422]], [[412.0298767089844, 110.21273803710938]]]
[[[235.76844787597656, 140.4474639892578]], [[408.4139709472656, 112.43437194824219]]]
[[[234.85137939453125, 141.56460571289062]], [[412.4169006347656, 109.65911865234375]]]
[[[234.84934997558594, 141.56837463378906]], [[412.3888854980469, 109.67118835449219]]]
[[[235.6600341796875, 145.60887145996094]], [[413.4207763671875, 108.7772216796875]]]
[[[240.24114990234375, 153.40054321289062]], [[415.4584655761719, 107.80501556396484]]]
[[[240.2769775390625, 153.3976593017578]], [[415.4246520996094, 107.79692840576172]]]
[[[241.87420654296875, 153.05859375]], [[416.95654296875, 104.71043395996094]]]
[[[245.6887969970703, 154.93438720703125]], [[417.8940734863281, 103.66057586669922]]]
[[[245.69090270996094, 154.94239807128906]], [[417.7298278808594, 103.66690826416016]]]
[[[246.96246337890625, 153.33363342285156]], [[418.62652587890625, 104.38074493408203]]]
[[[249.71792602539062, 150.44174194335938]], [[420.0251770019531, 102.5557861328125]]]
[[[249.7226104736328, 150.44338989257812]], [[420.1028137207031, 102.57420349121094]]]
[[[250.4715118408203, 151.25938415527344]], [[421.18682861328125, 102.45703125]]]
[[[247.16546630859375, 155.34185791015625]], [[421.43133544921875, 102.3546142578125]]]
[[[247.14376831054688, 155.34304809570312]], [[421.171875, 102.44013977050781]]]
[[[248.43728637695312, 158.08213806152344]], [[419.61553955078125, 102.38725280761719]]]
[[[248.7931671142578, 156.43289184570312]], [[420.0941467285156, 103.58588409423828]]]
[[[248.79592895507812, 156.43035888671875]], [[420.10113525390625, 103.58466339111328]]]
[[[248.32762145996094, 157.5038604736328]], [[422.35272216796875, 102.58223724365234]]]
[[[248.41860961914062, 153.75157165527344]], [[423.3437805175781, 99.79540252685547]]]
[[[248.39935302734375, 153.7617645263672]], [[423.31280517578125, 99.77134704589844]]]
[[[251.25531005859375, 152.35494995117188]], [[424.05462646484375, 103.56693267822266]]]
[[[253.34506225585938, 152.75390625]], [[422.29058837890625, 99.71016693115234]]]
[[[253.31690979003906, 152.75938415527344]], [[422.2830505371094, 99.70709228515625]]]
[[[254.8861846923828, 152.73475646972656]], [[421.59796142578125, 104.89130401611328]]]
[[[262.1080322265625, 143.1736297607422]], [[420.6720275878906, 85.30785369873047]]]
[[[262.1099548339844, 143.19464111328125]], [[420.6613464355469, 85.309814453125]]]
[[[262.7365417480469, 138.88671875]], [[419.7442932128906, 85.19255065917969]]]
[[[258.76336669921875, 137.2036590576172]], [[419.84478759765625, 89.41287231445312]]]
[[[258.77557373046875, 137.20053100585938]], [[419.8415832519531, 89.42765045166016]]]
[[[258.62164306640625, 138.5252685546875]], [[421.67169189453125, 90.50154113769531]]]
[[[255.34498596191406, 144.7884979248047]], [[421.12225341796875, 92.93695068359375]]]
[[[255.35218811035156, 144.7905731201172]], [[421.12261962890625, 92.93743133544922]]]
[[[247.9191436767578, 150.71737670898438]], [[424.3076171875, 96.41436767578125]]]
[[[243.58387756347656, 149.28115844726562]], [[423.2659606933594, 95.54059600830078]]]
[[[243.5845489501953, 149.27903747558594]], [[423.3070373535156, 95.551025390625]]]
[[[241.48583984375, 145.658203125]], [[423.27117919921875, 98.6522445678711]]]
[[[240.45236206054688, 144.15525817871094]], [[424.1273498535156, 94.60688018798828]]]
[[[240.44171142578125, 144.15196228027344]], [[424.18719482421875, 94.6373291015625]]]
[[[240.02188110351562, 143.60784912109375]], [[424.9413146972656, 91.94271850585938]]]
[[[240.31565856933594, 143.63046264648438]], [[425.0816345214844, 92.9341812133789]]]
[[[240.27569580078125, 143.621337890625]], [[425.0891418457031, 92.93732452392578]]]
[[[242.0743408203125, 145.25965881347656]], [[425.9373474121094, 91.4750747680664]]]
[[[240.88597106933594, 140.9159393310547]], [[427.4278564453125, 90.67459106445312]]]
[[[240.93804931640625, 140.97531127929688]], [[427.2364501953125, 90.5543212890625]]]
[[[238.1392364501953, 137.06192016601562]], [[426.99114990234375, 88.21296691894531]]]
[[[242.46107482910156, 143.10617065429688]], [[426.8162841796875, 90.10494232177734]]]
[[[242.46856689453125, 143.0975799560547]], [[427.0826416015625, 90.18382263183594]]]
[[[243.24795532226562, 145.46286010742188]], [[426.51153564453125, 92.47113800048828]]]
[[[243.02085876464844, 145.6981964111328]], [[426.5684509277344, 94.98939514160156]]]
[[[243.0252227783203, 145.70480346679688]], [[426.5956115722656, 95.00228118896484]]]
[[[241.19354248046875, 146.7743377685547]], [[425.2823486328125, 91.36197662353516]]]
[[[241.1068878173828, 148.3494873046875]], [[424.9609375, 88.16902160644531]]]
[[[241.1547393798828, 148.3764190673828]], [[424.8954162597656, 88.13189697265625]]]
[[[243.31109619140625, 146.37979125976562]], [[422.2624816894531, 84.36788940429688]]]
[[[246.60552978515625, 145.07427978515625]], [[422.29150390625, 84.28186798095703]]]
[[[246.55364990234375, 145.05654907226562]], [[422.2558898925781, 84.28655242919922]]]
[[[247.2030792236328, 147.2333526611328]], [[424.29998779296875, 85.78984069824219]]]
[[[249.03536987304688, 146.2320098876953]], [[426.2615661621094, 82.94902801513672]]]
[[[249.03958129882812, 146.21261596679688]], [[426.0476989746094, 82.94498443603516]]]
[[[250.1256866455078, 144.44671630859375]], [[426.31689453125, 87.08747863769531]]]
[[[249.66477966308594, 144.89089965820312]], [[425.1488952636719, 85.97500610351562]]]
[[[249.72850036621094, 144.90016174316406]], [[425.07470703125, 85.96755981445312]]]
[[[248.9004669189453, 145.34725952148438]], [[424.870361328125, 85.91761016845703]]]
[[[250.59359741210938, 145.8660125732422]], [[426.3800964355469, 85.04026794433594]]]
[[[250.59364318847656, 145.86570739746094]], [[426.6283874511719, 85.10771179199219]]]
[[[256.21868896484375, 142.57591247558594]], [[428.500732421875, 82.30648040771484]]]
[[[258.37847900390625, 140.89907836914062]], [[424.1571960449219, 85.12764739990234]]]
[[[258.373046875, 140.90219116210938]], [[424.2220458984375, 85.14840698242188]]]
[[[260.37591552734375, 138.92074584960938]], [[421.2002258300781, 88.05889892578125]]]
[[[260.01055908203125, 135.93545532226562]], [[420.9707336425781, 86.98104858398438]]]
[[[260.06292724609375, 135.99098205566406]], [[420.8071594238281, 86.94237518310547]]]
[[[260.79229736328125, 134.27996826171875]], [[424.4651184082031, 83.82465362548828]]]
[[[264.4228820800781, 134.86581420898438]], [[426.55267333984375, 81.91307067871094]]]
[[[264.4447326660156, 134.89840698242188]], [[426.5525207519531, 81.9101333618164]]]
[[[265.8382263183594, 139.26295471191406]], [[425.27294921875, 85.53899383544922]]]
[[[266.37042236328125, 142.71388244628906]], [[421.79656982421875, 93.22654724121094]]]
[[[266.4505615234375, 142.75570678710938]], [[421.81884765625, 93.2322769165039]]]
[[[267.5826110839844, 143.140625]], [[417.3232116699219, 94.40298461914062]]]
[[[262.14093017578125, 144.87083435058594]], [[414.4092712402344, 91.58454132080078]]]
[[[262.1448669433594, 144.88160705566406]], [[414.373046875, 91.59033203125]]]
[[[259.40985107421875, 150.35317993164062]], [[405.7430419921875, 97.31390380859375]]]
[[[259.7071838378906, 155.4569091796875]], [[397.60589599609375, 105.05753326416016]]]
[[[259.70758056640625, 155.4741668701172]], [[397.5804443359375, 105.04310607910156]]]
[[[260.8072509765625, 155.72171020507812]], [[400.32135009765625, 113.20022583007812]]]
[[[261.15069580078125, 156.0469207763672]], [[400.78515625, 127.14735412597656]]]
[[[261.162841796875, 156.05496215820312]], [[400.7805480957031, 127.14310455322266]]]
[[[260.6835632324219, 156.35740661621094]], [[396.1042175292969, 129.03480529785156]]]
[[[260.2886047363281, 158.0445098876953]], [[389.0857849121094, 131.5386505126953]]]
[[[260.27679443359375, 158.033447265625]], [[388.9494323730469, 131.49267578125]]]
[[[260.64910888671875, 157.06564331054688]], [[385.5306091308594, 134.64291381835938]]]
[[[261.3835754394531, 160.04684448242188]], [[379.7843322753906, 136.576904296875]]]
[[[261.421630859375, 160.05636596679688]], [[379.71112060546875, 136.5483856201172]]]
[[[263.4385070800781, 158.1026153564453]], [[379.3855895996094, 139.3011932373047]]]
[[[264.3273620605469, 155.7663116455078]], [[383.7085266113281, 129.93768310546875]]]
[[[264.3563232421875, 155.79852294921875]], [[383.6511535644531, 129.8959503173828]]]
[[[264.35711669921875, 158.42811584472656]], [[387.71160888671875, 128.95120239257812]]]
[[[266.1737060546875, 155.21426391601562]], [[389.4647216796875, 129.849609375]]]
[[[266.16925048828125, 155.21583557128906]], [[389.4833068847656, 129.84140014648438]]]
[[[265.6636047363281, 154.47715759277344]], [[391.9179382324219, 126.62033081054688]]]
[[[265.55224609375, 156.39877319335938]], [[391.69927978515625, 131.90805053710938]]]
[[[265.5640869140625, 156.4193115234375]], [[391.6874084472656, 131.89910888671875]]]
[[[263.9871520996094, 155.04458618164062]], [[392.16070556640625, 132.87445068359375]]]
[[[263.8873596191406, 155.6341552734375]], [[391.1874084472656, 134.09410095214844]]]
[[[263.9317626953125, 155.6441650390625]], [[391.1991271972656, 134.11004638671875]]]
[[[265.3797912597656, 155.53179931640625]], [[391.916259765625, 135.97601318359375]]]
[[[262.9399719238281, 156.83656311035156]], [[392.2512512207031, 137.988525390625]]]
[[[263.08465576171875, 156.89247131347656]], [[392.3092956542969, 138.0581512451172]]]
[[[261.292236328125, 155.3009796142578]], [[392.47222900390625, 138.06387329101562]]]
[[[261.2703857421875, 155.31271362304688]], [[390.7331848144531, 134.7828369140625]]]
[[[261.2694396972656, 155.28817749023438]], [[390.69482421875, 134.7640380859375]]]
[[[262.3187561035156, 154.3987579345703]], [[390.504150390625, 139.86239624023438]]]
[[[262.63104248046875, 154.27919006347656]], [[391.1333312988281, 136.87767028808594]]]
[[[262.65509033203125, 154.3062744140625]], [[391.12701416015625, 136.8748321533203]]]
[[[263.5262451171875, 154.8260955810547]], [[392.9579772949219, 135.59744262695312]]]
[[[264.1693115234375, 153.51463317871094]], [[394.4158630371094, 136.82293701171875]]]
[[[264.1961669921875, 153.539306640625]], [[394.40234375, 136.87423706054688]]]
[[[261.08203125, 152.43600463867188]], [[390.5113830566406, 140.11837768554688]]]
[[[261.1751708984375, 153.4781494140625]], [[386.4632873535156, 140.36729431152344]]]
[[[261.1759033203125, 153.46951293945312]], [[386.4342956542969, 140.3431854248047]]]
[[[259.32708740234375, 154.12445068359375]], [[385.5826721191406, 139.85202026367188]]]
[[[260.65899658203125, 153.70262145996094]], [[386.56341552734375, 142.01861572265625]]]
[[[260.6839599609375, 153.7005615234375]], [[386.607177734375, 142.02734375]]]
[[[261.0537109375, 153.05641174316406]], [[387.32470703125, 144.83668518066406]]]
[[[261.67950439453125, 151.15867614746094]], [[384.0621337890625, 142.82777404785156]]]
[[[261.7043151855469, 151.1734161376953]], [[384.0075378417969, 142.80723571777344]]]
[[[263.5589904785156, 150.04690551757812]], [[382.2577209472656, 140.42564392089844]]]
[[[263.7286682128906, 149.65660095214844]], [[381.1593322753906, 136.55421447753906]]]
[[[263.7161865234375, 149.6572265625]], [[381.1328430175781, 136.5299835205078]]]
[[[262.34722900390625, 150.15414428710938]], [[381.0619812011719, 137.70025634765625]]]
[[[265.96319580078125, 148.84251403808594]], [[381.5826416015625, 132.84693908691406]]]
[[[265.9780578613281, 148.83787536621094]], [[381.5484924316406, 132.82614135742188]]]
[[[264.22021484375, 149.0382537841797]], [[382.34869384765625, 133.72897338867188]]]
[[[258.67864990234375, 150.73602294921875]], [[380.9939270019531, 139.76931762695312]]]
[[[258.6575927734375, 150.73231506347656]], [[381.13775634765625, 139.898681640625]]]
[[[261.63189697265625, 149.2745819091797]], [[382.57501220703125, 130.95790100097656]]]
[[[260.5423583984375, 147.97518920898438]], [[382.7672119140625, 126.03559112548828]]]
[[[260.5963134765625, 147.9965057373047]], [[382.7746887207031, 125.9976577758789]]]
[[[261.67413330078125, 146.24876403808594]], [[380.81719970703125, 129.43218994140625]]]
[[[260.76934814453125, 147.45079040527344]], [[380.1900634765625, 124.554443359375]]]
[[[260.7396240234375, 147.4431610107422]], [[380.1282958984375, 124.50423431396484]]]
[[[263.89666748046875, 145.6985321044922]], [[382.6188049316406, 125.23421478271484]]]
[[[261.46832275390625, 146.5353240966797]], [[382.7873229980469, 123.91238403320312]]]
[[[261.47625732421875, 146.53836059570312]], [[382.8074645996094, 123.90118408203125]]]
[[[258.5721435546875, 147.047119140625]], [[378.0391540527344, 128.09915161132812]]]
[[[260.5316162109375, 146.27516174316406]], [[381.2202453613281, 127.23819732666016]]]
[[[260.5345458984375, 146.28099060058594]], [[381.219482421875, 127.23165893554688]]]
[[[259.08270263671875, 147.61639404296875]], [[379.20947265625, 129.96835327148438]]]
[[[259.80902099609375, 147.28506469726562]], [[377.57098388671875, 131.64920043945312]]]
[[[259.77984619140625, 147.27706909179688]], [[377.3890075683594, 131.6146240234375]]]
[[[258.76953125, 148.27606201171875]], [[375.3607482910156, 132.10809326171875]]]
[[[257.77252197265625, 142.08729553222656]], [[350.2940368652344, 121.45553588867188]]]
[[[257.7617492675781, 142.1030731201172]], [[350.26568603515625, 121.43087768554688]]]
[[[257.7216796875, 143.21556091308594]], [[350.34967041015625, 122.79644775390625]]]
[[[256.4064636230469, 145.14813232421875]], [[350.3143005371094, 127.52729034423828]]]
[[[256.34783935546875, 145.13265991210938]], [[350.33001708984375, 127.54796600341797]]]
[[[255.2433319091797, 145.1946258544922]], [[350.3083190917969, 127.28742218017578]]]
[[[255.05369567871094, 144.91331481933594]], [[351.4181213378906, 127.28077697753906]]]
[[[255.04531860351562, 144.9117431640625]], [[351.39910888671875, 127.29196166992188]]]
[[[220.36598205566406, 144.50540161132812]], [[318.0614318847656, 133.48281860351562]]]
[[[221.98619079589844, 143.75845336914062]], [[318.6912841796875, 136.38800048828125]]]
[[[221.9593048095703, 143.75289916992188]], [[318.696533203125, 136.3871612548828]]]
[[[220.23179626464844, 145.29649353027344]], [[319.3217468261719, 136.6577606201172]]]
[[[210.82594299316406, 147.77560424804688]], [[319.79901123046875, 130.59518432617188]]]
[[[210.79458618164062, 147.7767791748047]], [[319.7948303222656, 130.59523010253906]]]
[[[237.97158813476562, 144.517333984375]], [[317.6080322265625, 136.6461944580078]]]
[[[208.6964569091797, 138.06260681152344]], [[319.14764404296875, 133.50119018554688]]]
[[[208.69300842285156, 138.05172729492188]], [[319.12872314453125, 133.53009033203125]]]
[[[210.45120239257812, 139.34498596191406]], [[318.9587097167969, 136.71983337402344]]]
[[[212.419189453125, 134.7425537109375]], [[318.0278015136719, 137.4431915283203]]]
[[[212.41677856445312, 134.74325561523438]], [[318.0425720214844, 137.47628784179688]]]
[[[211.75332641601562, 136.7815704345703]], [[317.292236328125, 136.5506591796875]]]
[[[212.90701293945312, 135.7428436279297]], [[315.9357604980469, 140.8301544189453]]]
[[[212.9072265625, 135.74676513671875]], [[315.9438171386719, 140.84266662597656]]]
[[[213.84860229492188, 134.28411865234375]], [[314.3718566894531, 140.02987670898438]]]
[[[209.54348754882812, 142.44300842285156]], [[312.9001159667969, 148.18370056152344]]]
[[[209.57334899902344, 142.44400024414062]], [[312.9399719238281, 148.18272399902344]]]
[[[210.1112060546875, 143.22048950195312]], [[311.9002685546875, 145.6417236328125]]]
[[[210.1644744873047, 145.05697631835938]], [[312.5945129394531, 146.36900329589844]]]
[[[210.15513610839844, 145.05499267578125]], [[312.63128662109375, 146.38131713867188]]]
[[[209.67190551757812, 140.83172607421875]], [[315.7077331542969, 142.63340759277344]]]
[[[209.12673950195312, 136.9311065673828]], [[316.4739685058594, 135.67845153808594]]]
[[[209.1121063232422, 136.91104125976562]], [[316.4685363769531, 135.67083740234375]]]
[[[206.9855499267578, 136.1018829345703]], [[315.9920349121094, 137.00674438476562]]]
[[[210.0433807373047, 133.54067993164062]], [[317.26580810546875, 138.56982421875]]]
[[[210.08807373046875, 133.5670928955078]], [[317.21807861328125, 138.5247802734375]]]
[[[208.74061584472656, 134.30807495117188]], [[317.976806640625, 139.30686950683594]]]
[[[208.1311798095703, 136.4698486328125]], [[319.3617248535156, 138.35121154785156]]]
[[[208.11334228515625, 136.4736785888672]], [[319.36175537109375, 138.3572235107422]]]
[[[203.62001037597656, 139.090576171875]], [[319.2330322265625, 142.85311889648438]]]
[[[204.06100463867188, 137.84857177734375]], [[320.4653625488281, 139.5056915283203]]]
[[[204.14031982421875, 137.87393188476562]], [[320.47796630859375, 139.44134521484375]]]
[[[203.8348388671875, 141.932861328125]], [[321.7325439453125, 136.7193145751953]]]
[[[204.19192504882812, 143.9542694091797]], [[320.6948547363281, 138.6794891357422]]]
[[[204.19451904296875, 143.9520721435547]], [[320.7165222167969, 138.76210021972656]]]
[[[205.28562927246094, 142.0104217529297]], [[321.76495361328125, 137.8174591064453]]]
[[[205.38743591308594, 142.5464324951172]], [[322.83514404296875, 137.72918701171875]]]
[[[205.35499572753906, 142.50491333007812]], [[322.83441162109375, 137.72755432128906]]]
[[[204.52333068847656, 139.6376495361328]], [[323.3004150390625, 137.41885375976562]]]
[[[203.61383056640625, 136.9248046875]], [[322.24676513671875, 138.04127502441406]]]
[[[203.6094512939453, 136.92066955566406]], [[322.24859619140625, 138.04310607910156]]]
[[[206.70233154296875, 132.78704833984375]], [[320.420654296875, 143.88255310058594]]]
[[[205.27920532226562, 131.5106201171875]], [[318.8121643066406, 143.1785125732422]]]
[[[205.25157165527344, 131.51072692871094]], [[318.9254455566406, 143.33473205566406]]]
[[[206.0578155517578, 134.2489013671875]], [[318.751708984375, 148.6129608154297]]]
[[[200.69088745117188, 139.1134490966797]], [[321.8593444824219, 147.1306915283203]]]
[[[200.67581176757812, 139.10020446777344]], [[321.8705139160156, 147.0640411376953]]]
[[[202.16574096679688, 140.04803466796875]], [[322.19085693359375, 147.9373321533203]]]
[[[202.99574279785156, 144.3391876220703]], [[324.95513916015625, 143.1949005126953]]]
[[[203.0384979248047, 144.36952209472656]], [[325.06005859375, 143.2464141845703]]]
[[[204.1333770751953, 147.84019470214844]], [[324.6202697753906, 143.8336181640625]]]
[[[204.17959594726562, 143.8949432373047]], [[324.5904541015625, 143.7495574951172]]]
[[[204.1442413330078, 143.87783813476562]], [[324.5166320800781, 143.703857421875]]]
[[[202.977783203125, 145.9608612060547]], [[325.9197998046875, 140.2132110595703]]]
[[[202.7720947265625, 147.5946807861328]], [[325.5843811035156, 145.501953125]]]
[[[202.67999267578125, 147.53909301757812]], [[325.56793212890625, 145.486572265625]]]
[[[202.57931518554688, 144.46058654785156]], [[325.55816650390625, 144.6511993408203]]]
[[[202.31570434570312, 145.34153747558594]], [[326.374755859375, 143.91957092285156]]]
[[[202.3150634765625, 145.34130859375]], [[326.3758239746094, 143.92080688476562]]]
[[[202.3887481689453, 144.49462890625]], [[325.5224914550781, 144.9197540283203]]]
[[[202.18731689453125, 140.50230407714844]], [[324.29058837890625, 143.47894287109375]]]
[[[202.07827758789062, 140.49473571777344]], [[324.3170471191406, 143.5645751953125]]]
[[[201.64688110351562, 140.62245178222656]], [[324.154052734375, 144.6287078857422]]]
[[[200.24429321289062, 139.3774871826172]], [[323.6111145019531, 146.7703094482422]]]
[[[200.25521850585938, 139.37869262695312]], [[323.5849609375, 146.84783935546875]]]
[[[199.79473876953125, 134.89041137695312]], [[322.4847106933594, 144.98460388183594]]]
[[[200.57363891601562, 141.74728393554688]], [[324.1449890136719, 143.32089233398438]]]
[[[200.56991577148438, 141.74497985839844]], [[324.1466979980469, 143.32252502441406]]]
[[[202.64666748046875, 144.92486572265625]], [[324.8352355957031, 139.31991577148438]]]
[[[203.2056121826172, 147.15716552734375]], [[323.40362548828125, 143.05816650390625]]]
[[[203.27365112304688, 147.15414428710938]], [[323.4232482910156, 143.07177734375]]]
[[[202.88922119140625, 145.51321411132812]], [[325.2764587402344, 141.1577606201172]]]
[[[202.4598846435547, 145.85488891601562]], [[324.27783203125, 141.12429809570312]]]
[[[202.5164031982422, 145.880615234375]], [[324.25830078125, 141.12322998046875]]]
[[[202.50814819335938, 142.10089111328125]], [[323.3312683105469, 143.18295288085938]]]
[[[201.85398864746094, 142.1370391845703]], [[323.2802734375, 143.5930938720703]]]
[[[201.76971435546875, 142.11900329589844]], [[323.2607727050781, 143.57093811035156]]]
[[[201.43431091308594, 139.19790649414062]], [[323.96875, 142.0366668701172]]]
[[[201.3109130859375, 139.89578247070312]], [[323.9089050292969, 141.7002410888672]]]
[[[201.2597198486328, 139.81085205078125]], [[323.9816589355469, 141.62948608398438]]]
[[[201.08518981933594, 141.5853729248047]], [[323.13226318359375, 144.3238983154297]]]
[[[201.33921813964844, 138.870849609375]], [[324.7410583496094, 143.03933715820312]]]
[[[201.34823608398438, 138.87391662597656]], [[324.75970458984375, 143.09072875976562]]]
[[[200.88890075683594, 139.8192901611328]], [[324.83746337890625, 141.29527282714844]]]
[[[201.43002319335938, 141.52352905273438]], [[322.7901611328125, 147.01976013183594]]]
[[[201.41265869140625, 141.4925994873047]], [[322.8051452636719, 147.02479553222656]]]
[[[199.7364501953125, 139.16925048828125]], [[324.9087219238281, 143.28565979003906]]]
[[[199.25296020507812, 141.35011291503906]], [[321.7860107421875, 145.2105712890625]]]
[[[199.28125, 141.35824584960938]], [[321.7986145019531, 145.24200439453125]]]
[[[202.05496215820312, 134.98458862304688]], [[323.36846923828125, 141.73497009277344]]]
[[[202.51422119140625, 137.756591796875]], [[321.5469970703125, 145.10379028320312]]]
[[[202.5110321044922, 137.75057983398438]], [[321.5223388671875, 145.1038360595703]]]
[[[203.80609130859375, 138.5494384765625]], [[320.29473876953125, 149.2303924560547]]]
[[[205.09202575683594, 140.93556213378906]], [[321.2393798828125, 149.40652465820312]]]
[[[205.0468292236328, 140.90367126464844]], [[321.2530212402344, 149.40591430664062]]]
[[[204.7291259765625, 145.81517028808594]], [[322.562255859375, 149.16534423828125]]]
[[[205.4659881591797, 143.65077209472656]], [[321.74066162109375, 150.44166564941406]]]
[[[205.46798706054688, 143.6492462158203]], [[321.75006103515625, 150.44076538085938]]]
[[[206.02793884277344, 142.65721130371094]], [[319.77685546875, 146.82904052734375]]]
[[[206.1926727294922, 143.7766571044922]], [[317.4066467285156, 150.55906677246094]]]
[[[206.19992065429688, 143.78076171875]], [[317.43914794921875, 150.53550720214844]]]
[[[206.19200134277344, 140.7693328857422]], [[313.90606689453125, 152.60018920898438]]]
[[[207.43768310546875, 140.18701171875]], [[313.7655334472656, 149.16983032226562]]]
[[[207.4298858642578, 140.1809539794922]], [[313.75494384765625, 149.18211364746094]]]
[[[208.21820068359375, 138.29251098632812]], [[313.7271423339844, 146.5480194091797]]]
[[[208.71844482421875, 139.24490356445312]], [[313.74249267578125, 145.4079132080078]]]
[[[208.92459106445312, 139.9643096923828]], [[310.48065185546875, 150.0569305419922]]]
[[[208.92599487304688, 139.95428466796875]], [[310.4765319824219, 150.05496215820312]]]
[[[209.3653564453125, 139.44020080566406]], [[310.13153076171875, 152.2155303955078]]]
[[[209.4006805419922, 139.82797241210938]], [[309.7886657714844, 150.527099609375]]]
[[[209.38577270507812, 139.8212432861328]], [[309.7888488769531, 150.526123046875]]]
[[[209.8474578857422, 140.46160888671875]], [[307.4436950683594, 155.1217498779297]]]
[[[210.2639617919922, 137.8460235595703]], [[307.3535461425781, 153.72079467773438]]]
[[[210.26683044433594, 137.84848022460938]], [[307.3431091308594, 153.70814514160156]]]
[[[210.7880859375, 138.43174743652344]], [[308.2380676269531, 152.40484619140625]]]
[[[210.49563598632812, 140.3954315185547]], [[305.8362121582031, 157.19586181640625]]]
[[[210.49075317382812, 140.39376831054688]], [[305.830810546875, 157.1989288330078]]]
[[[210.69912719726562, 143.99444580078125]], [[314.6473083496094, 156.47889709472656]]]
[[[212.3147735595703, 147.49978637695312]], [[317.728759765625, 157.44424438476562]]]
[[[212.31967163085938, 147.50254821777344]], [[317.73095703125, 157.4442596435547]]]
[[[212.92645263671875, 147.46131896972656]], [[312.6499328613281, 162.90257263183594]]]
[[[213.19668579101562, 145.06715393066406]], [[317.4253845214844, 162.7610626220703]]]
[[[213.2034149169922, 145.06919860839844]], [[317.42901611328125, 162.7615203857422]]]
[[[216.89242553710938, 142.1219024658203]], [[323.6241455078125, 159.94271850585938]]]
[[[204.8705596923828, 150.104736328125]], [[322.2658996582031, 161.9806365966797]]]
[[[204.87062072753906, 150.10446166992188]], [[322.2831115722656, 161.98443603515625]]]
[[[206.7312469482422, 146.31483459472656]], [[320.07147216796875, 164.87046813964844]]]
[[[206.3592071533203, 144.40884399414062]], [[319.7933349609375, 165.3700714111328]]]
[[[206.3907928466797, 144.41876220703125]], [[319.81072998046875, 165.37225341796875]]]
[[[204.5802459716797, 133.5370330810547]], [[321.1540832519531, 163.9575653076172]]]
[[[204.9063262939453, 128.78094482421875]], [[320.34710693359375, 164.72039794921875]]]
[[[204.9019317626953, 128.78073120117188]], [[320.3328552246094, 164.71392822265625]]]
[[[205.75584411621094, 135.60874938964844]], [[320.7997741699219, 164.62571716308594]]]
[[[209.39749145507812, 141.4666748046875]], [[320.8907470703125, 164.88348388671875]]]
[[[209.44686889648438, 141.48541259765625]], [[320.9381408691406, 164.8837127685547]]]
[[[208.5618133544922, 139.61129760742188]], [[323.0743103027344, 162.296142578125]]]
[[[209.16163635253906, 142.50228881835938]], [[322.693115234375, 162.4557647705078]]]
[[[209.1480712890625, 142.49192810058594]], [[322.69061279296875, 162.45289611816406]]]
[[[211.12583923339844, 144.8272247314453]], [[322.7626037597656, 163.40403747558594]]]
[[[210.88134765625, 144.61033630371094]], [[323.9281921386719, 161.70298767089844]]]
[[[210.87721252441406, 144.60433959960938]], [[323.929443359375, 161.70541381835938]]]
[[[209.73016357421875, 143.78518676757812]], [[324.408447265625, 162.3944549560547]]]
[[[209.86721801757812, 146.72442626953125]], [[324.0904541015625, 162.4057159423828]]]
[[[209.89285278320312, 146.73231506347656]], [[324.0799560546875, 162.40174865722656]]]
[[[209.24427795410156, 147.13232421875]], [[325.1433410644531, 160.6604461669922]]]
[[[205.94784545898438, 146.04241943359375]], [[324.5284118652344, 161.42982482910156]]]
[[[205.9547882080078, 146.04681396484375]], [[324.53021240234375, 161.4290008544922]]]
[[[205.51023864746094, 145.1078338623047]], [[325.6058654785156, 160.44874572753906]]]
[[[205.36306762695312, 145.16937255859375]], [[324.0058288574219, 161.8160858154297]]]
[[[205.37445068359375, 145.17466735839844]], [[324.01275634765625, 161.80563354492188]]]
[[[205.4867401123047, 145.6029052734375]], [[324.8343200683594, 160.6164093017578]]]
[[[205.03126525878906, 144.37200927734375]], [[324.8064270019531, 161.35263061523438]]]
[[[205.03514099121094, 144.366943359375]], [[324.7914123535156, 161.34902954101562]]]
[[[205.1881561279297, 144.1106719970703]], [[323.05926513671875, 162.2681884765625]]]
[[[205.60812377929688, 143.73521423339844]], [[325.30999755859375, 159.79241943359375]]]
[[[205.59715270996094, 143.7315673828125]], [[325.3103332519531, 159.79100036621094]]]
[[[206.80264282226562, 145.7806854248047]], [[325.38702392578125, 161.18984985351562]]]
[[[207.6307830810547, 145.7855987548828]], [[323.6690979003906, 161.08470153808594]]]
[[[207.6346435546875, 145.7871856689453]], [[323.6766052246094, 161.08502197265625]]]
[[[207.82943725585938, 144.8577117919922]], [[324.6624755859375, 160.6813507080078]]]
[[[208.78094482421875, 143.49037170410156]], [[325.7774963378906, 160.18797302246094]]]
[[[208.7861785888672, 143.49380493164062]], [[325.7770690917969, 160.18719482421875]]]
[[[208.70672607421875, 143.40277099609375]], [[325.3233642578125, 160.1519012451172]]]
[[[209.33827209472656, 144.20761108398438]], [[324.38067626953125, 160.5060272216797]]]
[[[209.33901977539062, 144.2096405029297]], [[324.37109375, 160.4962921142578]]]
[[[209.52325439453125, 142.62139892578125]], [[326.1011962890625, 159.10305786132812]]]
[[[209.71090698242188, 141.71649169921875]], [[325.0516357421875, 160.7979736328125]]]
[[[209.68392944335938, 141.7296600341797]], [[325.06512451171875, 160.79806518554688]]]
[[[209.96189880371094, 139.42982482910156]], [[326.07568359375, 159.94497680664062]]]
[[[209.52120971679688, 140.79795837402344]], [[326.7584533691406, 159.80963134765625]]]
[[[209.5210418701172, 140.79795837402344]], [[326.774658203125, 159.8173828125]]]
[[[210.1210174560547, 140.25942993164062]], [[328.11822509765625, 158.45326232910156]]]
[[[209.5781707763672, 142.01332092285156]], [[327.6993713378906, 158.7644500732422]]]
[[[209.57615661621094, 142.00814819335938]], [[327.7012023925781, 158.764404296875]]]
[[[210.37411499023438, 140.81051635742188]], [[327.7227478027344, 158.97683715820312]]]
[[[209.98768615722656, 138.3921661376953]], [[327.87237548828125, 159.84848022460938]]]
[[[210.00857543945312, 138.39913940429688]], [[327.8735656738281, 159.853759765625]]]
[[[208.63902282714844, 139.37046813964844]], [[326.8150329589844, 160.95843505859375]]]
[[[209.0061492919922, 139.7943572998047]], [[327.83319091796875, 159.63973999023438]]]
[[[209.0142059326172, 139.79690551757812]], [[327.8353576660156, 159.64141845703125]]]
[[[208.9341278076172, 139.53176879882812]], [[327.8027038574219, 160.37413024902344]]]
[[[208.46998596191406, 139.7068328857422]], [[327.2646484375, 161.6409454345703]]]
[[[208.46572875976562, 139.70872497558594]], [[327.2542419433594, 161.63037109375]]]
[[[208.37411499023438, 137.65870666503906]], [[327.8442687988281, 160.0245819091797]]]
[[[207.63368225097656, 136.44969177246094]], [[327.6025085449219, 162.91714477539062]]]
[[[207.627197265625, 136.4530792236328]], [[327.59893798828125, 162.92025756835938]]]
[[[207.02796936035156, 133.8250732421875]], [[327.43865966796875, 161.32467651367188]]]
[[[206.0215301513672, 134.90509033203125]], [[327.0925598144531, 164.25318908691406]]]
[[[206.00450134277344, 134.89695739746094]], [[327.10369873046875, 164.2523651123047]]]
[[[204.3412628173828, 132.30007934570312]], [[327.0034484863281, 162.54837036132812]]]
[[[204.39869689941406, 131.94287109375]], [[327.4783935546875, 164.42030334472656]]]
[[[204.3949737548828, 131.94190979003906]], [[327.4817810058594, 164.42283630371094]]]
[[[204.53778076171875, 136.20458984375]], [[328.609375, 164.06520080566406]]]
[[[205.25706481933594, 137.3240509033203]], [[328.5666198730469, 164.8067169189453]]]
[[[205.2360076904297, 137.31472778320312]], [[328.5632019042969, 164.8033905029297]]]
[[[205.9020233154297, 136.67604064941406]], [[326.8166198730469, 167.6162872314453]]]
[[[208.20843505859375, 144.78590393066406]], [[328.5848693847656, 164.0467987060547]]]
[[[208.2218475341797, 144.7923583984375]], [[328.5826416015625, 164.04336547851562]]]
[[[211.03048706054688, 158.78965759277344]], [[329.80438232421875, 157.54348754882812]]]
[[[211.3881072998047, 156.9664306640625]], [[325.4644470214844, 149.66305541992188]]]
[[[211.3844757080078, 156.93499755859375]], [[325.4576110839844, 149.6669921875]]]
[[[223.201904296875, 158.6382293701172]], [[309.1060485839844, 152.26431274414062]]]
[[[229.2120819091797, 143.7425079345703]], [[310.7132568359375, 154.4170379638672]]]
[[[229.21348571777344, 143.74191284179688]], [[310.7174987792969, 154.4157257080078]]]
[[[238.47422790527344, 137.3390350341797]], [[309.7792663574219, 151.30638122558594]]]
[[[242.77838134765625, 147.5387420654297]], [[307.323974609375, 158.9535675048828]]]
[[[242.7769317626953, 147.5381622314453]], [[307.32073974609375, 158.95565795898438]]]
[[[243.30941772460938, 150.41331481933594]], [[313.9862976074219, 160.02813720703125]]]
[[[247.31103515625, 159.68544006347656]], [[312.04638671875, 155.5144805908203]]]
[[[247.3303680419922, 159.68408203125]], [[312.0443420410156, 155.5137176513672]]]
[[[246.59449768066406, 158.48095703125]], [[313.90106201171875, 156.25634765625]]]
[[[239.92437744140625, 147.05291748046875]], [[314.4108581542969, 144.63954162597656]]]
[[[239.92544555664062, 147.05287170410156]], [[314.4072265625, 144.6371307373047]]]