[[[242.0, 238.0]], [[385.0, 189.0]]]
[[[242.0276641845703, 236.99400329589844]], [[385.50701904296875, 191.44288635253906]]]
[[[242.0494842529297, 237.04257202148438]], [[385.4927062988281, 191.41864013671875]]]
[[[241.23666381835938, 235.7931671142578]], [[385.9218444824219, 189.08700561523438]]]
[[[241.96554565429688, 237.40602111816406]], [[385.28118896484375, 189.03082275390625]]]
[[[242.2078857421875, 237.353271484375]], [[385.2821350097656, 189.03138732910156]]]
[[[243.40606689453125, 238.43829345703125]], [[383.9228210449219, 192.1798858642578]]]
[[[246.00120544433594, 241.33387756347656]], [[383.78546142578125, 191.10279846191406]]]
[[[245.9623565673828, 241.32115173339844]], [[383.775390625, 191.08267211914062]]]
[[[247.58897399902344, 244.2867889404297]], [[384.39727783203125, 191.64297485351562]]]
[[[248.14915466308594, 242.2424774169922]], [[384.5068664550781, 190.27316284179688]]]
[[[248.15084838867188, 242.23965454101562]], [[384.4945983886719, 190.25048828125]]]
[[[246.72972106933594, 235.50296020507812]], [[384.4918518066406, 190.06423950195312]]]
[[[246.0242156982422, 235.4664764404297]], [[384.9261169433594, 188.8157196044922]]]
[[[245.98590087890625, 235.47030639648438]], [[384.9175109863281, 188.80950927734375]]]
[[[245.912109375, 237.1629180908203]], [[383.54815673828125, 190.62551879882812]]]
[[[245.02566528320312, 237.16688537597656]], [[383.34527587890625, 188.9329376220703]]]
[[[244.89031982421875, 237.1090850830078]], [[383.3449401855469, 188.93264770507812]]]
[[[244.68301391601562, 236.19349670410156]], [[383.230712890625, 189.62567138671875]]]
[[[245.48435974121094, 234.28341674804688]], [[382.7467041015625, 190.05404663085938]]]
[[[245.48980712890625, 234.28872680664062]], [[382.79571533203125, 190.13424682617188]]]
[[[247.25637817382812, 236.67320251464844]], [[379.3215026855469, 194.65516662597656]]]
[[[247.68739318847656, 235.5570068359375]], [[377.4510192871094, 194.68186950683594]]]
[[[247.7338409423828, 235.53256225585938]], [[377.486328125, 194.713623046875]]]
[[[248.2279815673828, 236.82154846191406]], [[376.4216613769531, 194.93325805664062]]]
[[[248.14015197753906, 235.37393188476562]], [[377.3785400390625, 194.2271728515625]]]
[[[248.1414031982422, 235.44117736816406]], [[377.3775939941406, 194.2269287109375]]]
[[[248.19671630859375, 234.68434143066406]], [[379.2651672363281, 186.65985107421875]]]
[[[249.8790283203125, 235.74342346191406]], [[377.97216796875, 187.6597900390625]]]
[[[249.89476013183594, 235.74795532226562]], [[377.943359375, 187.65687561035156]]]
[[[250.77870178222656, 236.58143615722656]], [[377.7897644042969, 188.65846252441406]]]
[[[251.048583984375, 236.98582458496094]], [[376.9033203125, 192.7172088623047]]]
[[[251.09593200683594, 237.034423828125]], [[376.9314880371094, 192.71160888671875]]]
[[[251.55271911621094, 236.6313934326172]], [[375.2026062011719, 193.3008575439453]]]
[[[251.48497009277344, 235.6343231201172]], [[374.4440002441406, 194.81961059570312]]]
[[[251.64894104003906, 235.69619750976562]], [[374.44073486328125, 194.81948852539062]]]
[[[250.9781494140625, 233.51148986816406]], [[374.1789245605469, 193.36477661132812]]]
[[[251.24713134765625, 235.62103271484375]], [[374.09814453125, 194.4176025390625]]]
[[[251.29708862304688, 235.6180877685547]], [[373.96466064453125, 194.35606384277344]]]
[[[251.67572021484375, 235.89564514160156]], [[373.7663269042969, 194.4141387939453]]]
[[[252.59547424316406, 238.43386840820312]], [[373.4254150390625, 191.26869201660156]]]
[[[252.62240600585938, 238.42178344726562]], [[373.4313049316406, 191.2720947265625]]]
[[[253.4729461669922, 242.1792449951172]], [[373.04913330078125, 194.9166259765625]]]
[[[253.57363891601562, 241.1688995361328]], [[372.00762939453125, 194.94088745117188]]]
[[[253.5397491455078, 241.1686553955078]], [[371.9952697753906, 194.91795349121094]]]
[[[254.0952911376953, 241.16505432128906]], [[370.9096984863281, 196.95223999023438]]]
[[[253.27944946289062, 242.36485290527344]], [[369.93426513671875, 196.78587341308594]]]
[[[253.2337188720703, 242.36314392089844]], [[369.8993225097656, 196.75833129882812]]]
[[[253.63946533203125, 245.3533477783203]], [[369.8328552246094, 198.1837615966797]]]
[[[253.89236450195312, 245.4249267578125]], [[369.54339599609375, 198.1293487548828]]]
[[[253.92709350585938, 245.43919372558594]], [[369.56610107421875, 198.13446044921875]]]
[[[253.60797119140625, 242.0520782470703]], [[369.7570495605469, 196.4339141845703]]]
[[[253.83351135253906, 242.43287658691406]], [[370.55126953125, 195.92730712890625]]]
[[[253.83236694335938, 242.42967224121094]], [[370.55047607421875, 195.92713928222656]]]
[[[254.8023681640625, 245.14385986328125]], [[369.5757141113281, 192.61488342285156]]]
[[[255.177734375, 244.65652465820312]], [[369.4150390625, 192.0645751953125]]]
[[[255.1315460205078, 244.63059997558594]], [[369.40631103515625, 192.04879760742188]]]
[[[255.02024841308594, 245.3909454345703]], [[368.7958068847656, 187.8990478515625]]]
[[[255.66848754882812, 245.15493774414062]], [[366.4479675292969, 193.58526611328125]]]
[[[255.66549682617188, 245.1501007080078]], [[366.45672607421875, 193.5936279296875]]]
[[[253.60482788085938, 244.37208557128906]], [[365.4204406738281, 186.3274688720703]]]
[[[254.55368041992188, 241.3167266845703]], [[361.7806701660156, 190.38706970214844]]]
[[[254.59805297851562, 241.34339904785156]], [[361.72491455078125, 190.36651611328125]]]
[[[255.115478515625, 240.25779724121094]], [[362.87615966796875, 184.28253173828125]]]
[[[255.49781799316406, 241.73345947265625]], [[360.23455810546875, 195.47821044921875]]]
[[[255.4853057861328, 241.70484924316406]], [[360.2351989746094, 195.4791717529297]]]
[[[256.52874755859375, 245.37344360351562]], [[357.8272705078125, 191.98780822753906]]]
[[[256.9325866699219, 243.61207580566406]], [[357.44781494140625, 195.6063232421875]]]
[[[257.099853515625, 243.6110382080078]], [[357.45074462890625, 195.60867309570312]]]
[[[257.4183349609375, 240.69357299804688]], [[357.15509033203125, 189.46311950683594]]]
[[[258.0064697265625, 242.0632781982422]], [[359.3605041503906, 186.7102813720703]]]
[[[258.04974365234375, 242.09371948242188]], [[359.3334045410156, 186.6964569091797]]]
[[[258.9127197265625, 242.18417358398438]], [[362.3117980957031, 175.80117797851562]]]
[[[259.6578369140625, 244.79165649414062]], [[362.85943603515625, 176.90676879882812]]]
[[[259.654296875, 244.79537963867188]], [[362.86407470703125, 176.9138641357422]]]
[[[259.26727294921875, 243.94544982910156]], [[363.97418212890625, 173.70144653320312]]]
[[[260.01495361328125, 244.3604736328125]], [[363.7004089355469, 178.64366149902344]]]
[[[259.93743896484375, 244.3285675048828]], [[363.722900390625, 178.66152954101562]]]
[[[260.249755859375, 245.40728759765625]], [[364.1355895996094, 182.08872985839844]]]
[[[260.2742919921875, 243.43527221679688]], [[364.9989013671875, 181.14630126953125]]]
[[[260.28997802734375, 243.4275360107422]], [[364.9712219238281, 181.13058471679688]]]
[[[260.0741882324219, 243.19252014160156]], [[362.82379150390625, 186.81590270996094]]]
[[[260.11590576171875, 243.92294311523438]], [[364.6999206542969, 182.31451416015625]]]
[[[260.11865234375, 243.90847778320312]], [[364.7020568847656, 182.31167602539062]]]
[[[260.0684814453125, 242.8660888671875]], [[366.1617736816406, 181.1220245361328]]]
[[[260.3385009765625, 244.28271484375]], [[366.114013671875, 179.720703125]]]
[[[260.3160705566406, 244.2673797607422]], [[366.118896484375, 179.72230529785156]]]
[[[260.42950439453125, 242.84542846679688]], [[366.3544921875, 182.67127990722656]]]
[[[260.4702453613281, 241.92605590820312]], [[365.7946472167969, 179.7755126953125]]]
[[[260.469482421875, 241.9232940673828]], [[365.8185119628906, 179.77627563476562]]]
[[[260.42022705078125, 241.10911560058594]], [[366.9852600097656, 183.65940856933594]]]
[[[260.19061279296875, 240.44064331054688]], [[368.3829345703125, 180.4563751220703]]]
[[[260.21478271484375, 240.47021484375]], [[368.3982238769531, 180.46939086914062]]]
[[[260.8351135253906, 242.41758728027344]], [[367.5604553222656, 179.4742889404297]]]
[[[261.3143005371094, 243.58409118652344]], [[366.781982421875, 184.87387084960938]]]
[[[261.18743896484375, 243.55833435058594]], [[366.7266540527344, 184.87120056152344]]]
[[[261.4915771484375, 243.0782928466797]], [[368.28704833984375, 183.3740692138672]]]
[[[261.113525390625, 243.18373107910156]], [[367.8097229003906, 185.35302734375]]]
[[[261.11102294921875, 243.18984985351562]], [[367.7992858886719, 185.348876953125]]]
[[[261.220703125, 242.84010314941406]], [[365.46533203125, 188.13905334472656]]]
[[[261.24676513671875, 244.83399963378906]], [[363.0682373046875, 191.23516845703125]]]
[[[261.2754211425781, 244.84353637695312]], [[363.03662109375, 191.2200469970703]]]
[[[261.5605773925781, 244.32550048828125]], [[363.97015380859375, 189.18954467773438]]]
[[[260.11700439453125, 241.29197692871094]], [[363.8500061035156, 189.1613006591797]]]
[[[260.1246337890625, 241.3081817626953]], [[363.84521484375, 189.1569061279297]]]
[[[260.203857421875, 239.11773681640625]], [[364.0148620605469, 191.60093688964844]]]
[[[260.2394714355469, 239.32046508789062]], [[363.2313537597656, 191.33961486816406]]]
[[[260.2720031738281, 239.3670654296875]], [[363.248779296875, 191.34786987304688]]]
[[[260.93499755859375, 239.7928009033203]], [[363.061279296875, 192.73068237304688]]]
[[[262.30792236328125, 241.97767639160156]], [[361.6764831542969, 196.2397003173828]]]
[[[262.3056945800781, 241.97061157226562]], [[361.66217041015625, 196.22354125976562]]]
[[[262.84344482421875, 244.93841552734375]], [[362.66595458984375, 192.9906463623047]]]
[[[262.868408203125, 244.9817352294922]], [[362.4106750488281, 195.732421875]]]
[[[262.8573303222656, 244.975830078125]], [[362.4091491699219, 195.73208618164062]]]
[[[262.7513122558594, 245.328369140625]], [[362.35369873046875, 195.85829162597656]]]
[[[262.3797912597656, 245.35498046875]], [[362.62103271484375, 195.0748291015625]]]
[[[262.37786865234375, 245.37010192871094]], [[362.6227111816406, 195.07586669921875]]]
[[[262.7506103515625, 243.00259399414062]], [[362.1059875488281, 198.27224731445312]]]
[[[263.1806945800781, 244.1940460205078]], [[361.8089599609375, 195.1363525390625]]]
[[[263.2183837890625, 244.1837615966797]], [[361.80987548828125, 195.13633728027344]]]
[[[262.69427490234375, 244.5391082763672]], [[359.53497314453125, 199.8797607421875]]]
[[[262.4072265625, 241.6697998046875]], [[359.209228515625, 200.49862670898438]]]
[[[262.40673828125, 241.67019653320312]], [[359.2314147949219, 200.509765625]]]
[[[261.68011474609375, 240.8962860107422]], [[357.64678955078125, 206.5428466796875]]]
[[[261.4111328125, 240.80679321289062]], [[356.83905029296875, 206.91726684570312]]]
[[[261.34979248046875, 240.77203369140625]], [[356.796630859375, 206.93016052246094]]]
[[[260.964111328125, 240.94656372070312]], [[356.49945068359375, 207.4871063232422]]]
[[[261.607421875, 241.2527313232422]], [[358.25, 203.8283233642578]]]
[[[261.63946533203125, 241.25921630859375]], [[358.26336669921875, 203.83444213867188]]]
[[[262.93853759765625, 244.18429565429688]], [[360.22857666015625, 199.73373413085938]]]
[[[263.8472900390625, 245.1109161376953]], [[361.8317565917969, 197.36184692382812]]]
[[[263.9066467285156, 245.13511657714844]], [[361.8271179199219, 197.34405517578125]]]
[[[264.450927734375, 243.53663635253906]], [[365.0328369140625, 191.34927368164062]]]
[[[263.96392822265625, 242.04696655273438]], [[363.858642578125, 193.40977478027344]]]
[[[264.0057373046875, 242.03794860839844]], [[363.8619384765625, 193.406982421875]]]
[[[262.9631042480469, 242.14088439941406]], [[362.3605651855469, 195.34580993652344]]]
[[[263.3751525878906, 243.2566375732422]], [[361.50640869140625, 199.18048095703125]]]
[[[263.4596252441406, 243.2965087890625]], [[361.5163269042969, 199.1850128173828]]]
[[[263.59613037109375, 241.36549377441406]], [[361.1528625488281, 196.73170471191406]]]
[[[263.5718994140625, 241.91236877441406]], [[361.1454772949219, 200.9119415283203]]]
[[[263.5609436035156, 241.93499755859375]], [[361.1511535644531, 200.90982055664062]]]
[[[263.696533203125, 242.314208984375]], [[360.1593017578125, 201.2887725830078]]]
[[[264.59326171875, 245.5684356689453]], [[359.4145202636719, 202.96827697753906]]]
[[[264.623291015625, 245.58424377441406]], [[359.41455078125, 202.96910095214844]]]
[[[264.692626953125, 244.27920532226562]], [[359.7629699707031, 202.4702911376953]]]
[[[264.9071350097656, 246.79315185546875]], [[357.5016174316406, 204.34420776367188]]]
[[[264.90252685546875, 246.76145935058594]], [[357.4873352050781, 204.345703125]]]
[[[264.01495361328125, 245.60208129882812]], [[357.7420349121094, 202.7904510498047]]]
[[[263.426513671875, 245.00579833984375]], [[357.5889587402344, 207.21865844726562]]]
[[[263.3151550292969, 245.005126953125]], [[357.5903015136719, 207.21424865722656]]]
[[[263.5145568847656, 243.6005401611328]], [[357.3312072753906, 202.74893188476562]]]
[[[264.0086364746094, 246.11453247070312]], [[357.15277099609375, 206.79159545898438]]]
[[[264.0002136230469, 246.10899353027344]], [[357.152099609375, 206.7920684814453]]]
[[[263.30133056640625, 248.9438018798828]], [[359.4269714355469, 198.38638305664062]]]
[[[262.56280517578125, 251.2790069580078]], [[356.8566589355469, 206.37451171875]]]
[[[262.5638732910156, 251.2817840576172]], [[356.85357666015625, 206.37440490722656]]]
[[[261.37872314453125, 252.0348358154297]], [[355.91058349609375, 202.84739685058594]]]
[[[261.45001220703125, 250.5211944580078]], [[356.2514953613281, 204.0985565185547]]]
[[[261.45111083984375, 250.5255584716797]], [[356.2547607421875, 204.09945678710938]]]
[[[261.1470642089844, 247.10775756835938]], [[355.638427734375, 203.46327209472656]]]
[[[260.80682373046875, 247.0985565185547]], [[354.77825927734375, 207.2759552001953]]]
[[[260.80853271484375, 247.09890747070312]], [[354.7732238769531, 207.28111267089844]]]
[[[262.055419921875, 252.72264099121094]], [[355.8895263671875, 206.42161560058594]]]
[[[262.2537841796875, 250.6762237548828]], [[356.0856628417969, 203.43447875976562]]]
[[[262.23382568359375, 250.665771484375]], [[356.08984375, 203.43885803222656]]]
[[[262.29034423828125, 248.58309936523438]], [[357.4173583984375, 196.4818115234375]]]
[[[262.7174377441406, 249.35655212402344]], [[357.0415954589844, 200.38107299804688]]]
[[[262.71014404296875, 249.3445587158203]], [[357.0543518066406, 200.38604736328125]]]
[[[263.01806640625, 248.60533142089844]], [[357.6687927246094, 197.54200744628906]]]
[[[263.6044616699219, 254.01197814941406]], [[357.4241943359375, 200.40847778320312]]]
[[[263.6050109863281, 254.00918579101562]], [[357.4240417480469, 200.40878295898438]]]
[[[263.85784912109375, 252.33544921875]], [[357.6093444824219, 199.2266845703125]]]
[[[263.7735900878906, 251.28111267089844]], [[356.704345703125, 202.14044189453125]]]
[[[263.77471923828125, 251.28147888183594]], [[356.6958923339844, 202.13919067382812]]]
[[[263.95703125, 252.7476043701172]], [[357.3592834472656, 196.5059051513672]]]
[[[264.4900207519531, 252.64366149902344]], [[358.4877014160156, 200.57940673828125]]]
[[[264.47491455078125, 252.6497344970703]], [[358.50115966796875, 200.5908966064453]]]
[[[265.0040588378906, 251.87428283691406]], [[356.93792724609375, 200.80455017089844]]]
[[[264.41357421875, 251.57090759277344]], [[356.10015869140625, 206.6457977294922]]]
[[[264.26287841796875, 251.54251098632812]], [[356.1187438964844, 206.6405487060547]]]
[[[264.3177795410156, 250.18109130859375]], [[355.9403991699219, 206.35809326171875]]]
[[[264.3266906738281, 250.19471740722656]], [[356.0478515625, 205.49302673339844]]]
[[[264.3298034667969, 250.19769287109375]], [[356.044677734375, 205.48928833007812]]]
[[[265.19775390625, 252.1827392578125]], [[353.86859130859375, 206.80917358398438]]]
[[[265.30084228515625, 252.4775848388672]], [[354.0933837890625, 207.8462371826172]]]
[[[265.29449462890625, 252.5038604736328]], [[354.090576171875, 207.84559631347656]]]
[[[266.1235046386719, 253.0872802734375]], [[354.5486755371094, 206.01898193359375]]]
[[[266.2575988769531, 253.40977478027344]], [[354.23193359375, 203.57217407226562]]]
[[[266.269775390625, 253.4022979736328]], [[354.2333068847656, 203.56790161132812]]]
[[[266.7642822265625, 252.330810546875]], [[354.4577941894531, 205.9313201904297]]]
[[[265.8315124511719, 252.63949584960938]], [[353.9932861328125, 200.27293395996094]]]
[[[265.806396484375, 252.6554412841797]], [[353.9916687011719, 200.27330017089844]]]
[[[264.4535827636719, 250.69569396972656]], [[357.6927185058594, 197.06988525390625]]]
[[[264.1841735839844, 249.59092712402344]], [[357.9656677246094, 193.8432159423828]]]
[[[264.1703796386719, 249.5813751220703]], [[357.9715576171875, 193.83985900878906]]]
[[[263.94366455078125, 249.08143615722656]], [[356.79400634765625, 194.60755920410156]]]
[[[263.1340637207031, 248.1885986328125]], [[358.3212585449219, 187.88616943359375]]]
[[[263.0661926269531, 248.15335083007812]], [[358.31988525390625, 187.88601684570312]]]
[[[264.8192138671875, 252.21337890625]], [[358.1927185058594, 186.01486206054688]]]
[[[265.4228515625, 251.76638793945312]], [[358.8256530761719, 185.02691650390625]]]
[[[265.44256591796875, 251.7933349609375]], [[358.8024597167969, 185.03309631347656]]]
[[[266.2007141113281, 253.0413055419922]], [[356.6053466796875, 192.1086883544922]]]
[[[266.636962890625, 252.0006866455078]], [[356.84954833984375, 194.80604553222656]]]
[[[266.6385192871094, 252.00498962402344]], [[356.85516357421875, 194.80245971679688]]]
[[[266.60565185546875, 252.12832641601562]], [[355.69110107421875, 194.65281677246094]]]
[[[268.0723876953125, 252.0263214111328]], [[354.82806396484375, 192.6992645263672]]]
[[[268.0770263671875, 252.00804138183594]], [[354.8295593261719, 192.697998046875]]]
[[[268.5259094238281, 253.58291625976562]], [[352.58648681640625, 179.64962768554688]]]
[[[267.5256042480469, 250.02099609375]], [[349.5893249511719, 193.8484344482422]]]
[[[267.54443359375, 250.0271759033203]], [[349.59259033203125, 193.8606719970703]]]
[[[267.5870056152344, 250.63772583007812]], [[352.7739562988281, 188.39089965820312]]]
[[[267.1924133300781, 248.29385375976562]], [[353.6001892089844, 190.2320556640625]]]
[[[267.1048889160156, 248.2745819091797]], [[353.599853515625, 190.21597290039062]]]
[[[266.0146484375, 247.5984649658203]], [[352.6700439453125, 187.9566192626953]]]
[[[265.701171875, 246.94662475585938]], [[353.1103210449219, 185.37310791015625]]]
[[[265.7021179199219, 246.94631958007812]], [[353.111328125, 185.36837768554688]]]
[[[265.2830810546875, 246.97154235839844]], [[352.5805358886719, 188.13662719726562]]]
[[[266.39300537109375, 248.81895446777344]], [[355.9010009765625, 186.1370849609375]]]
[[[266.3927917480469, 248.81529235839844]], [[355.8980712890625, 186.1365509033203]]]
[[[266.8680114746094, 248.52438354492188]], [[353.9105529785156, 186.17303466796875]]]
[[[267.3711242675781, 249.7291259765625]], [[352.78607177734375, 192.35433959960938]]]
[[[267.36358642578125, 249.73284912109375]], [[352.78558349609375, 192.35765075683594]]]
[[[266.7718200683594, 249.44931030273438]], [[351.9370422363281, 192.17935180664062]]]
[[[265.871337890625, 251.62620544433594]], [[350.8765869140625, 198.18719482421875]]]
[[[265.86767578125, 251.63629150390625]], [[350.872314453125, 198.18936157226562]]]
[[[265.3267517089844, 248.22720336914062]], [[350.68133544921875, 196.2014923095703]]]
[[[264.462890625, 247.5388946533203]], [[351.1594543457031, 196.02601623535156]]]
[[[264.4498291015625, 247.53602600097656]], [[351.1549987792969, 196.02456665039062]]]
[[[264.7686767578125, 249.6640167236328]], [[350.5117492675781, 197.34970092773438]]]
[[[265.779052734375, 249.7297821044922]], [[351.3221740722656, 196.9007568359375]]]
[[[265.777587890625, 249.73434448242188]], [[351.3242492675781, 196.90008544921875]]]
[[[266.50506591796875, 250.4742431640625]], [[349.6180725097656, 203.94168090820312]]]
[[[266.9936828613281, 250.66146850585938]], [[346.57171630859375, 203.5393524169922]]]
[[[266.9928283691406, 250.6615447998047]], [[346.5548095703125, 203.5402374267578]]]
[[[266.30194091796875, 247.6888885498047]], [[350.2684020996094, 205.38961791992188]]]
[[[265.99066162109375, 248.02169799804688]], [[351.8460388183594, 201.31228637695312]]]
[[[266.00897216796875, 248.0361328125]], [[351.8475341796875, 201.31137084960938]]]
[[[266.2493591308594, 249.57835388183594]], [[351.0440368652344, 204.92474365234375]]]
[[[267.82843017578125, 249.66073608398438]], [[351.2432556152344, 200.03773498535156]]]
[[[267.82012939453125, 249.65814208984375]], [[351.24505615234375, 200.03036499023438]]]
[[[269.84234619140625, 251.6367950439453]], [[353.7479553222656, 196.77532958984375]]]
[[[270.71746826171875, 251.74630737304688]], [[354.4727783203125, 195.18087768554688]]]
[[[270.72509765625, 251.7443084716797]], [[354.4776306152344, 195.18356323242188]]]
[[[270.7115783691406, 250.3588104248047]], [[354.1530456542969, 194.47450256347656]]]
[[[267.73931884765625, 248.1992645263672]], [[349.3252868652344, 199.26905822753906]]]
[[[267.7252502441406, 248.2123260498047]], [[349.32916259765625, 199.27796936035156]]]
[[[266.17596435546875, 249.12213134765625]], [[348.9150390625, 205.30624389648438]]]
[[[266.1600341796875, 248.668212890625]], [[347.7159118652344, 205.4370574951172]]]
[[[266.14361572265625, 248.68136596679688]], [[347.7173767089844, 205.44351196289062]]]
[[[265.7994079589844, 248.11036682128906]], [[347.0849609375, 205.2989501953125]]]
[[[265.1968994140625, 248.29222106933594]], [[346.97894287109375, 208.462646484375]]]
[[[265.1865234375, 248.29437255859375]], [[346.98553466796875, 208.46322631835938]]]
[[[266.14013671875, 247.32498168945312]], [[347.5169372558594, 206.94996643066406]]]
[[[265.5577392578125, 247.6822967529297]], [[347.5679626464844, 207.5087890625]]]
[[[265.55712890625, 247.6829071044922]], [[347.5709228515625, 207.51116943359375]]]
[[[266.0934753417969, 248.2389373779297]], [[347.188232421875, 207.32015991210938]]]
[[[266.1929626464844, 248.6314239501953]], [[347.64990234375, 208.07574462890625]]]
[[[266.2366638183594, 248.66160583496094]], [[347.6368103027344, 208.0616455078125]]]
[[[266.4443359375, 247.02992248535156]], [[349.9935607910156, 203.96670532226562]]]
[[[265.9972839355469, 246.41522216796875]], [[348.93560791015625, 204.88548278808594]]]
[[[266.0235595703125, 246.42425537109375]], [[348.9380187988281, 204.8824005126953]]]
[[[266.05731201171875, 248.2420196533203]], [[348.0157470703125, 207.80682373046875]]]
[[[267.462158203125, 251.62271118164062]], [[347.23095703125, 209.50729370117188]]]
[[[267.4523620605469, 251.6215057373047]], [[347.2412414550781, 209.5074005126953]]]
[[[270.1442565917969, 255.71380615234375]], [[346.64984130859375, 209.62509155273438]]]
[[[270.429443359375, 255.53964233398438]], [[346.6075439453125, 210.36151123046875]]]
[[[270.4281311035156, 255.5414581298828]], [[346.6011962890625, 210.35389709472656]]]
[[[270.4429931640625, 253.2499542236328]], [[346.2367858886719, 210.86355590820312]]]
[[[270.1632080078125, 250.12332153320312]], [[344.8498840332031, 212.84544372558594]]]
[[[270.1189880371094, 250.1029815673828]], [[344.8457336425781, 212.84530639648438]]]
[[[269.51556396484375, 249.00643920898438]], [[344.384765625, 213.41061401367188]]]
[[[268.6855163574219, 248.23895263671875]], [[344.538330078125, 213.50575256347656]]]
[[[268.6835021972656, 248.2330780029297]], [[344.5321044921875, 213.5172882080078]]]
[[[268.19732666015625, 246.76466369628906]], [[343.44281005859375, 212.55892944335938]]]
[[[268.1199951171875, 246.0733184814453]], [[345.2723388671875, 208.92112731933594]]]
[[[268.1295166015625, 246.08042907714844]], [[345.27642822265625, 208.92286682128906]]]
[[[267.8834228515625, 247.0691375732422]], [[345.35272216796875, 206.8513641357422]]]
[[[267.2161560058594, 246.03854370117188]], [[345.3512878417969, 207.69302368164062]]]
[[[267.21429443359375, 246.03756713867188]], [[345.35150146484375, 207.69058227539062]]]
[[[266.85223388671875, 246.23341369628906]], [[346.4234313964844, 202.28628540039062]]]
[[[267.3142395019531, 248.994873046875]], [[345.6344299316406, 204.5955810546875]]]
[[[267.31243896484375, 248.9879913330078]], [[345.64251708984375, 204.59561157226562]]]
[[[269.0171813964844, 247.836181640625]], [[344.05523681640625, 205.54733276367188]]]
[[[268.77410888671875, 247.2606964111328]], [[345.80963134765625, 200.40524291992188]]]
[[[268.7519226074219, 247.26239013671875]], [[345.79132080078125, 200.3980255126953]]]
[[[268.11236572265625, 247.05575561523438]], [[343.7349548339844, 204.10101318359375]]]
[[[267.59429931640625, 246.05003356933594]], [[343.3340148925781, 206.67381286621094]]]
[[[267.6654052734375, 246.07164001464844]], [[343.3386535644531, 206.67759704589844]]]
[[[267.1706848144531, 245.34326171875]], [[340.5474548339844, 209.50762939453125]]]
[[[266.95660400390625, 243.19735717773438]], [[341.5008850097656, 208.67355346679688]]]
[[[267.0114440917969, 243.21568298339844]], [[341.497314453125, 208.6747589111328]]]
[[[266.4378967285156, 242.09445190429688]], [[343.3674621582031, 205.24729919433594]]]
[[[265.442138671875, 245.0532989501953]], [[343.0395202636719, 207.38088989257812]]]
[[[265.53778076171875, 245.08633422851562]], [[343.04486083984375, 207.38380432128906]]]
[[[265.4117431640625, 248.20130920410156]], [[342.98077392578125, 207.13002014160156]]]
[[[265.7619323730469, 248.2346954345703]], [[343.6906433105469, 206.40194702148438]]]
[[[265.776123046875, 248.24298095703125]], [[343.7029724121094, 206.41038513183594]]]
[[[264.08221435546875, 250.50856018066406]], [[343.0201416015625, 206.30987548828125]]]
[[[262.66668701171875, 247.85012817382812]], [[342.44464111328125, 208.73046875]]]
[[[262.6712951660156, 247.849853515625]], [[342.4472351074219, 208.72769165039062]]]
[[[262.0726318359375, 247.16285705566406]], [[341.9425354003906, 209.05072021484375]]]
[[[261.73406982421875, 245.5695037841797]], [[338.4817199707031, 213.39520263671875]]]
[[[261.7248229980469, 245.5691375732422]], [[338.4638671875, 213.385498046875]]]
[[[261.616455078125, 244.42849731445312]], [[337.0843505859375, 213.90682983398438]]]
[[[261.07403564453125, 245.40966796875]], [[338.05389404296875, 211.91973876953125]]]
[[[261.0748596191406, 245.41026306152344]], [[338.0499572753906, 211.91783142089844]]]
[[[259.49884033203125, 245.25418090820312]], [[337.0867004394531, 211.677734375]]]
[[[257.50885009765625, 246.3328399658203]], [[336.31231689453125, 211.25315856933594]]]
[[[257.5077819824219, 246.33226013183594]], [[336.30615234375, 211.2572784423828]]]
[[[251.890869140625, 244.671875]], [[333.8393859863281, 215.0162811279297]]]
[[[246.5880584716797, 241.589599609375]], [[334.21484375, 210.53384399414062]]]
[[[246.66297912597656, 241.62081909179688]], [[334.21282958984375, 210.53138732910156]]]
[[[242.39788818359375, 244.53958129882812]], [[334.4076232910156, 213.74639892578125]]]
[[[227.1632537841797, 224.69749450683594]], [[331.23016357421875, 214.2955322265625]]]
[[[227.15611267089844, 224.69778442382812]], [[331.21923828125, 214.28944396972656]]]
[[[221.98277282714844, 219.56251525878906]], [[331.7443542480469, 217.02308654785156]]]
[[[212.51478576660156, 213.47499084472656]], [[331.2538146972656, 213.45498657226562]]]
[[[212.51060485839844, 213.4766387939453]], [[331.2528991699219, 213.45518493652344]]]
[[[210.76119995117188, 205.5460968017578]], [[333.3553466796875, 215.6234893798828]]]
[[[208.03805541992188, 209.8203582763672]], [[333.26776123046875, 218.1497802734375]]]
[[[208.033203125, 209.81874084472656]], [[333.3083801269531, 218.17349243164062]]]
[[[200.138427734375, 213.50198364257812]], [[333.412109375, 215.87417602539062]]]
[[[188.1688232421875, 217.0832061767578]], [[334.5635986328125, 215.36097717285156]]]
[[[188.08203125, 217.04579162597656]], [[334.5738830566406, 215.37730407714844]]]
[[[194.43551635742188, 229.76315307617188]], [[335.4189453125, 211.80455017089844]]]
[[[192.9100341796875, 229.86813354492188]], [[339.81463623046875, 205.6487579345703]]]
[[[192.9142303466797, 229.87103271484375]], [[339.82080078125, 205.65054321289062]]]
[[[190.10995483398438, 227.87869262695312]], [[336.6990966796875, 210.7561492919922]]]
[[[188.13763427734375, 226.84518432617188]], [[336.16351318359375, 208.3486785888672]]]
[[[188.11251831054688, 226.84228515625]], [[336.1661682128906, 208.34222412109375]]]
[[[185.59530639648438, 221.07431030273438]], [[331.12225341796875, 209.254638671875]]]
[[[186.4105682373047, 223.16700744628906]], [[331.0667724609375, 208.68006896972656]]]
[[[186.40322875976562, 223.16598510742188]], [[331.0625, 208.67909240722656]]]
[[[183.57952880859375, 220.8734893798828]], [[324.6666259765625, 211.8767852783203]]]
[[[181.13418579101562, 215.2546844482422]], [[327.04302978515625, 207.67918395996094]]]
[[[181.12747192382812, 215.2517852783203]], [[327.04107666015625, 207.68063354492188]]]
[[[181.71728515625, 218.014892578125]], [[327.1893005371094, 207.4662322998047]]]
[[[181.6515655517578, 217.25779724121094]], [[326.8460693359375, 207.85183715820312]]]
[[[181.6553955078125, 217.25990295410156]], [[326.8440856933594, 207.84800720214844]]]
[[[180.0089569091797, 207.33761596679688]], [[326.7359924316406, 207.64476013183594]]]
[[[178.73635864257812, 204.53604125976562]], [[326.9947509765625, 207.87081909179688]]]
[[[178.73712158203125, 204.53717041015625]], [[326.99835205078125, 207.87184143066406]]]
[[[174.96470642089844, 200.48875427246094]], [[326.678955078125, 207.78973388671875]]]
[[[172.1663360595703, 200.99554443359375]], [[326.6332092285156, 207.9583282470703]]]
[[[172.1505889892578, 200.99337768554688]], [[326.63531494140625, 207.95518493652344]]]
[[[168.64108276367188, 201.82232666015625]], [[326.7821350097656, 207.4700164794922]]]
[[[167.33583068847656, 203.5204620361328]], [[329.9791564941406, 201.83645629882812]]]
[[[167.33657836914062, 203.5214080810547]], [[329.9722900390625, 201.8407440185547]]]
[[[166.447265625, 205.4650115966797]], [[325.2228698730469, 204.1245574951172]]]
[[[166.92994689941406, 205.4804229736328]], [[325.8298034667969, 203.3646697998047]]]
[[[166.93540954589844, 205.4840545654297]], [[325.8271179199219, 203.3663330078125]]]
[[[167.68325805664062, 206.76766967773438]], [[327.9049987792969, 197.54266357421875]]]
[[[167.9416961669922, 207.78097534179688]], [[326.6968078613281, 200.760986328125]]]
[[[167.93878173828125, 207.7791290283203]], [[326.6955261230469, 200.7625274658203]]]
[[[167.73773193359375, 207.67469787597656]], [[325.214599609375, 203.1969757080078]]]
[[[167.466552734375, 205.3480224609375]], [[325.18463134765625, 202.90855407714844]]]
[[[167.4688262939453, 205.35049438476562]], [[325.1874694824219, 202.90582275390625]]]
[[[167.1132049560547, 205.327392578125]], [[324.7048034667969, 202.81175231933594]]]
[[[167.3639373779297, 206.4586639404297]], [[320.73193359375, 207.3781280517578]]]
[[[167.36636352539062, 206.4593048095703]], [[320.7283630371094, 207.37643432617188]]]
[[[167.1467742919922, 206.63226318359375]], [[320.3074035644531, 207.02032470703125]]]
[[[175.88475036621094, 219.63926696777344]], [[316.4479064941406, 210.1992645263672]]]
[[[175.87203979492188, 219.62094116210938]], [[316.44464111328125, 210.19857788085938]]]
[[[178.0826416015625, 223.28762817382812]], [[317.84112548828125, 206.9039764404297]]]
[[[181.50318908691406, 228.63043212890625]], [[316.7958984375, 211.10350036621094]]]
[[[181.50245666503906, 228.60731506347656]], [[316.7950744628906, 211.09988403320312]]]
[[[184.04495239257812, 239.66197204589844]], [[316.86419677734375, 210.63833618164062]]]
[[[184.58787536621094, 246.2449493408203]], [[317.9474182128906, 210.58131408691406]]]
[[[184.60121154785156, 246.25137329101562]], [[317.95574951171875, 210.5807342529297]]]
[[[194.12501525878906, 241.08119201660156]], [[317.4888610839844, 210.97105407714844]]]
[[[191.91729736328125, 230.2969512939453]], [[318.0554504394531, 211.3760528564453]]]
[[[191.8668670654297, 230.292236328125]], [[318.0455017089844, 211.37327575683594]]]
[[[192.16578674316406, 224.0807647705078]], [[317.9360046386719, 211.4499053955078]]]
[[[192.4115447998047, 224.75396728515625]], [[318.1336669921875, 212.60745239257812]]]
[[[192.43283081054688, 224.75860595703125]], [[318.1324157714844, 212.60743713378906]]]
[[[192.27658081054688, 223.81100463867188]], [[317.9796447753906, 210.51132202148438]]]
[[[194.46922302246094, 229.4164581298828]], [[318.3970947265625, 211.44863891601562]]]
[[[194.45541381835938, 229.41384887695312]], [[318.4109802246094, 211.45191955566406]]]
[[[196.0767822265625, 237.2601776123047]], [[318.6670837402344, 210.42176818847656]]]
[[[195.78933715820312, 241.34585571289062]], [[318.50860595703125, 211.7147674560547]]]
[[[195.8304443359375, 241.35496520996094]], [[318.5205993652344, 211.70582580566406]]]
[[[196.55715942382812, 241.31610107421875]], [[320.4182434082031, 208.49380493164062]]]
[[[198.3088836669922, 239.54823303222656]], [[320.5252380371094, 208.9405059814453]]]
[[[198.31002807617188, 239.54859924316406]], [[320.52203369140625, 208.94021606445312]]]
[[[199.1215057373047, 239.42160034179688]], [[320.2861022949219, 208.8402862548828]]]
[[[201.018798828125, 244.89425659179688]], [[320.39898681640625, 209.00668334960938]]]
[[[201.0381317138672, 244.91554260253906]], [[320.3997802734375, 209.0063018798828]]]
[[[202.59414672851562, 245.6079559326172]], [[319.79400634765625, 209.2586669921875]]]
[[[203.71002197265625, 248.05918884277344]], [[316.89251708984375, 211.5281524658203]]]
[[[203.68231201171875, 248.05062866210938]], [[316.8758850097656, 211.5255889892578]]]
[[[203.14535522460938, 245.6644287109375]], [[317.2853698730469, 210.7598114013672]]]
[[[204.87745666503906, 245.30130004882812]], [[316.28277587890625, 211.6781768798828]]]
[[[204.85902404785156, 245.29881286621094]], [[316.240966796875, 211.67630004882812]]]
[[[204.9887237548828, 244.65045166015625]], [[314.5400085449219, 212.30581665039062]]]
[[[205.5338897705078, 243.30679321289062]], [[315.0543518066406, 210.24517822265625]]]
[[[205.5745849609375, 243.30982971191406]], [[315.0564880371094, 210.24856567382812]]]
[[[200.4353485107422, 246.79910278320312]], [[314.8368225097656, 209.52818298339844]]]
[[[199.7214813232422, 247.73268127441406]], [[314.39239501953125, 210.7825927734375]]]
[[[199.7860107421875, 247.7397003173828]], [[311.1069641113281, 211.01187133789062]]]
[[[199.8446807861328, 247.75181579589844]], [[311.1043701171875, 211.0177001953125]]]