[[[239.0, 151.0]], [[310.0, 121.0]]]
[[[238.8919219970703, 150.7849884033203]], [[310.6619567871094, 120.94988250732422]]]
[[[238.68687438964844, 150.3984832763672]], [[310.4333801269531, 120.48928833007812]]]
[[[238.6626434326172, 150.40451049804688]], [[310.43316650390625, 120.4889907836914]]]
[[[238.54129028320312, 149.6849822998047]], [[311.0184326171875, 121.9564208984375]]]
[[[238.72853088378906, 149.26174926757812]], [[311.6488952636719, 122.07756805419922]]]
[[[238.72853088378906, 149.26174926757812]], [[311.6498107910156, 122.07661437988281]]]
[[[238.43893432617188, 148.65914916992188]], [[310.7915344238281, 124.01763916015625]]]
[[[238.6461181640625, 149.4422607421875]], [[311.6491394042969, 123.34270477294922]]]
[[[238.56796264648438, 149.45907592773438]], [[311.6491394042969, 123.3429183959961]]]
[[[238.651611328125, 150.63641357421875]], [[311.7453918457031, 123.43533325195312]]]
[[[239.32958984375, 151.04490661621094]], [[312.0184326171875, 124.24833679199219]]]
[[[239.3291473388672, 151.0449676513672]], [[312.02874755859375, 124.26070404052734]]]
[[[239.7193145751953, 151.53335571289062]], [[312.7126770019531, 124.47435760498047]]]
[[[240.15086364746094, 152.9091796875]], [[310.8719482421875, 125.99948120117188]]]
[[[240.0734405517578, 152.893310546875]], [[310.8763122558594, 126.0154037475586]]]
[[[239.87939453125, 153.1873321533203]], [[310.9888610839844, 126.62396240234375]]]
[[[239.94912719726562, 152.90049743652344]], [[312.4944763183594, 127.09318542480469]]]
[[[239.87957763671875, 152.9016876220703]], [[312.49871826171875, 127.10736846923828]]]
[[[238.41107177734375, 151.94593811035156]], [[312.79962158203125, 127.64718627929688]]]
[[[238.84127807617188, 152.4927520751953]], [[315.2654724121094, 127.87958526611328]]]
[[[238.68360900878906, 152.45741271972656]], [[315.271240234375, 127.8837890625]]]
[[[239.33338928222656, 152.47662353515625]], [[314.9791259765625, 129.01324462890625]]]
[[[238.35333251953125, 150.69407653808594]], [[316.5292053222656, 129.180419921875]]]
[[[238.34750366210938, 150.68870544433594]], [[316.54986572265625, 129.1917724609375]]]
[[[237.14097595214844, 148.9423370361328]], [[318.05633544921875, 129.45046997070312]]]
[[[235.6707305908203, 148.92510986328125]], [[318.1085510253906, 129.64039611816406]]]
[[[235.6805419921875, 148.923583984375]], [[318.11285400390625, 129.6537628173828]]]
[[[234.94012451171875, 148.93179321289062]], [[319.0516052246094, 128.32492065429688]]]
[[[234.75155639648438, 149.88392639160156]], [[320.25640869140625, 125.95724487304688]]]
[[[234.7306365966797, 149.89593505859375]], [[320.2604064941406, 125.96146392822266]]]
[[[233.47360229492188, 149.8710479736328]], [[320.8018493652344, 125.04702758789062]]]
[[[232.72833251953125, 150.0052947998047]], [[320.4376220703125, 125.31172943115234]]]
[[[232.73828125, 150.02044677734375]], [[320.4454650878906, 125.32428741455078]]]
[[[231.96420288085938, 150.27462768554688]], [[320.44354248046875, 125.46910095214844]]]
[[[232.60826110839844, 150.8758544921875]], [[320.56866455078125, 125.5423355102539]]]
[[[232.62892150878906, 150.89471435546875]], [[320.56903076171875, 125.5423355102539]]]
[[[233.75961303710938, 150.86224365234375]], [[320.10186767578125, 125.21192169189453]]]
[[[233.87648010253906, 151.02130126953125]], [[319.8139953613281, 124.51136779785156]]]
[[[233.85040283203125, 151.0120849609375]], [[319.8033142089844, 124.49754333496094]]]
[[[234.5887908935547, 151.9455108642578]], [[319.30084228515625, 124.42241668701172]]]
[[[235.50877380371094, 152.724853515625]], [[318.34710693359375, 124.58203125]]]
[[[235.52920532226562, 152.72427368164062]], [[318.33612060546875, 124.57901763916016]]]
[[[236.86282348632812, 154.35299682617188]], [[317.6852111816406, 125.42184448242188]]]
[[[237.98069763183594, 157.178466796875]], [[317.4875793457031, 125.73629760742188]]]
[[[237.99600219726562, 157.17529296875]], [[317.4739990234375, 125.74435424804688]]]
[[[239.453125, 159.5172576904297]], [[317.8207092285156, 126.44823455810547]]]
[[[240.9076385498047, 161.53656005859375]], [[317.9919738769531, 127.85232543945312]]]
[[[240.85910034179688, 161.53070068359375]], [[317.9902648925781, 127.86454772949219]]]
[[[242.30572509765625, 161.83375549316406]], [[318.8476257324219, 128.15927124023438]]]
[[[242.56175231933594, 162.17807006835938]], [[318.45611572265625, 128.30587768554688]]]
[[[242.541748046875, 162.16697692871094]], [[318.4579162597656, 128.30953979492188]]]
[[[242.49205017089844, 162.14013671875]], [[319.4563903808594, 127.95092010498047]]]
[[[242.37652587890625, 161.688720703125]], [[320.1068420410156, 127.48369598388672]]]
[[[242.39173889160156, 161.6898956298828]], [[320.0890808105469, 127.47418212890625]]]
[[[242.48544311523438, 160.401611328125]], [[320.5224304199219, 126.93812561035156]]]
[[[242.16656494140625, 159.7700653076172]], [[320.5739440917969, 126.27552795410156]]]
[[[242.1357879638672, 159.76840209960938]], [[320.5789794921875, 126.27972412109375]]]
[[[242.53533935546875, 159.18580627441406]], [[320.7942810058594, 125.93781280517578]]]
[[[243.2822265625, 159.4043731689453]], [[321.4447937011719, 126.09383392333984]]]
[[[244.31129455566406, 160.7111358642578]], [[321.12078857421875, 126.70162200927734]]]
[[[244.30316162109375, 160.70748901367188]], [[321.1233825683594, 126.71376037597656]]]
[[[244.78944396972656, 160.77792358398438]], [[322.0215148925781, 126.50521850585938]]]
[[[245.46630859375, 161.35560607910156]], [[321.5484619140625, 126.76791381835938]]]
[[[245.46217346191406, 161.35768127441406]], [[321.55438232421875, 126.76237487792969]]]
[[[246.0045166015625, 161.0636749267578]], [[321.2806396484375, 127.11811828613281]]]
[[[245.5078125, 159.37684631347656]], [[323.32928466796875, 126.07305908203125]]]
[[[245.51626586914062, 159.37725830078125]], [[323.34228515625, 126.07831573486328]]]
[[[244.8735809326172, 157.212158203125]], [[322.96392822265625, 125.6216812133789]]]
[[[245.08770751953125, 156.28787231445312]], [[321.44866943359375, 125.87809753417969]]]
[[[245.0565948486328, 156.3055419921875]], [[321.4449462890625, 125.8661117553711]]]
[[[245.00563049316406, 156.40841674804688]], [[322.725830078125, 125.372802734375]]]
[[[245.5921173095703, 157.2169647216797]], [[320.781982421875, 124.97887420654297]]]
[[[245.5955810546875, 157.22018432617188]], [[320.7778625488281, 124.9803695678711]]]
[[[245.64071655273438, 157.8829345703125]], [[320.8240661621094, 124.68267059326172]]]
[[[245.65440368652344, 157.0670928955078]], [[319.2829895019531, 125.30294799804688]]]
[[[245.62185668945312, 157.06781005859375]], [[319.2933349609375, 125.30146026611328]]]
[[[245.2212371826172, 156.38955688476562]], [[318.5730285644531, 124.83766174316406]]]
[[[244.97845458984375, 156.1300048828125]], [[319.6159973144531, 124.70039367675781]]]
[[[244.98757934570312, 156.12875366210938]], [[319.6082763671875, 124.70793151855469]]]
[[[244.46292114257812, 155.43801879882812]], [[319.6194763183594, 124.9556655883789]]]
[[[244.8665771484375, 154.1253662109375]], [[319.8139343261719, 124.62875366210938]]]
[[[244.85044860839844, 154.11654663085938]], [[319.80523681640625, 124.63392639160156]]]
[[[245.09083557128906, 154.509521484375]], [[319.29290771484375, 125.35749053955078]]]
[[[245.16030883789062, 154.5148468017578]], [[319.539794921875, 125.2805404663086]]]
[[[245.16317749023438, 154.50596618652344]], [[319.53271484375, 125.28570556640625]]]
[[[244.92996215820312, 153.73939514160156]], [[319.5214538574219, 125.243408203125]]]
[[[244.765625, 153.3404083251953]], [[318.6719665527344, 125.52914428710938]]]
[[[244.73629760742188, 153.3398895263672]], [[318.6713562011719, 125.52405548095703]]]
[[[244.6371307373047, 150.67601013183594]], [[318.2967224121094, 125.37324523925781]]]
[[[244.5904083251953, 150.1393280029297]], [[318.2568359375, 125.82276153564453]]]
[[[244.56118774414062, 150.12815856933594]], [[318.26263427734375, 125.8302001953125]]]
[[[243.9803009033203, 149.84068298339844]], [[318.57330322265625, 125.64008331298828]]]
[[[243.80862426757812, 149.8193359375]], [[317.7090148925781, 125.86605072021484]]]
[[[243.733642578125, 149.79566955566406]], [[317.7107849121094, 125.86415100097656]]]
[[[243.92218017578125, 150.039306640625]], [[318.3476257324219, 124.73426055908203]]]
[[[244.70606994628906, 152.65042114257812]], [[318.2418518066406, 123.8791732788086]]]
[[[244.7121124267578, 152.6614990234375]], [[318.22039794921875, 123.86753845214844]]]
[[[244.8882293701172, 153.38438415527344]], [[319.1027526855469, 123.59478759765625]]]
[[[245.01971435546875, 154.02120971679688]], [[319.8069763183594, 123.54608154296875]]]
[[[245.05931091308594, 154.03416442871094]], [[319.8118896484375, 123.54010772705078]]]
[[[245.1859588623047, 153.70513916015625]], [[319.0021057128906, 124.79109191894531]]]
[[[245.28182983398438, 153.0860595703125]], [[319.40179443359375, 125.37051391601562]]]
[[[245.27284240722656, 153.07583618164062]], [[319.3939208984375, 125.37361907958984]]]
[[[245.0626220703125, 152.3666229248047]], [[319.20562744140625, 125.84921264648438]]]
[[[244.48291015625, 152.36788940429688]], [[319.2380065917969, 126.3297119140625]]]
[[[244.47470092773438, 152.35345458984375]], [[319.24517822265625, 126.33708190917969]]]
[[[244.18785095214844, 153.60609436035156]], [[320.0888366699219, 126.89427947998047]]]
[[[244.38568115234375, 155.25860595703125]], [[322.82440185546875, 125.37824249267578]]]
[[[244.41041564941406, 155.25767517089844]], [[322.8216247558594, 125.36676025390625]]]
[[[245.10302734375, 155.45018005371094]], [[322.1034240722656, 126.1009292602539]]]
[[[245.15591430664062, 153.12640380859375]], [[323.2423400878906, 125.73583984375]]]
[[[245.1351776123047, 153.1157989501953]], [[323.24017333984375, 125.7369613647461]]]
[[[244.67410278320312, 151.36575317382812]], [[322.2752685546875, 125.78828430175781]]]
[[[244.8422393798828, 151.94285583496094]], [[324.02569580078125, 125.1121597290039]]]
[[[244.81544494628906, 151.94444274902344]], [[324.03399658203125, 125.11564636230469]]]
[[[245.0541534423828, 152.4390411376953]], [[323.6108703613281, 125.244384765625]]]
[[[245.47572326660156, 151.9557647705078]], [[323.0577087402344, 125.96607971191406]]]
[[[245.49581909179688, 151.9615020751953]], [[323.04156494140625, 125.95845031738281]]]
[[[245.7032928466797, 151.221923828125]], [[324.3260192871094, 125.65919494628906]]]
[[[245.23216247558594, 149.72634887695312]], [[323.1269226074219, 126.31304168701172]]]
[[[245.21365356445312, 149.735595703125]], [[323.1574401855469, 126.31546783447266]]]
[[[245.0068817138672, 149.15029907226562]], [[324.3560791015625, 125.06907653808594]]]
[[[245.2255401611328, 149.75827026367188]], [[323.33349609375, 124.94574737548828]]]
[[[245.2940216064453, 149.7620391845703]], [[323.34844970703125, 124.93742370605469]]]
[[[245.683349609375, 149.662353515625]], [[323.88580322265625, 125.12020874023438]]]
[[[245.6633758544922, 148.74436950683594]], [[323.89251708984375, 126.04698944091797]]]
[[[245.65472412109375, 148.75877380371094]], [[323.9073791503906, 126.050048828125]]]
[[[245.40748596191406, 148.3221435546875]], [[323.2533874511719, 127.46685028076172]]]
[[[245.204345703125, 147.65655517578125]], [[323.6939392089844, 127.66425323486328]]]
[[[245.20260620117188, 147.6548309326172]], [[323.685302734375, 127.6606216430664]]]
[[[245.33071899414062, 148.3765869140625]], [[323.69061279296875, 127.648681640625]]]
[[[245.63133239746094, 149.7115478515625]], [[323.303955078125, 127.43364715576172]]]
[[[245.7152557373047, 149.72979736328125]], [[323.3025817871094, 127.43074035644531]]]
[[[245.6125030517578, 149.85011291503906]], [[322.7272644042969, 128.48768615722656]]]
[[[245.4794921875, 149.65577697753906]], [[321.23004150390625, 128.636962890625]]]
[[[245.46900939941406, 149.64967346191406]], [[321.2299499511719, 128.63760375976562]]]
[[[245.7386474609375, 149.13058471679688]], [[321.2681579589844, 128.62355041503906]]]
[[[245.89952087402344, 149.21914672851562]], [[321.7585754394531, 128.31036376953125]]]
[[[245.9061737060547, 149.22055053710938]], [[321.75927734375, 128.30743408203125]]]
[[[246.19561767578125, 149.69711303710938]], [[322.1438903808594, 128.12026977539062]]]
[[[246.216796875, 149.50314331054688]], [[322.9908447265625, 127.18982696533203]]]
[[[246.21376037597656, 149.503173828125]], [[322.9919128417969, 127.18331909179688]]]
[[[246.38819885253906, 149.08993530273438]], [[321.59893798828125, 126.74982452392578]]]
[[[246.2196044921875, 149.37387084960938]], [[320.79754638671875, 126.18820190429688]]]
[[[246.2374725341797, 149.37258911132812]], [[320.8057861328125, 126.1967544555664]]]
[[[246.27598571777344, 149.692138671875]], [[318.7465515136719, 126.46926879882812]]]
[[[246.36024475097656, 149.81613159179688]], [[317.19091796875, 126.37124633789062]]]
[[[246.33241271972656, 149.81103515625]], [[317.192138671875, 126.37600708007812]]]
[[[246.81736755371094, 150.2955780029297]], [[316.27685546875, 126.56359100341797]]]
[[[246.94647216796875, 150.5972442626953]], [[315.984375, 126.50434112548828]]]
[[[246.92616271972656, 150.60069274902344]], [[316.0065612792969, 126.51264953613281]]]
[[[246.8561553955078, 150.91297912597656]], [[316.0091247558594, 126.50611114501953]]]
[[[246.91334533691406, 150.9068145751953]], [[315.7647399902344, 126.54952239990234]]]
[[[246.924072265625, 150.9102020263672]], [[315.7647705078125, 126.54350280761719]]]
[[[246.92138671875, 149.9695587158203]], [[315.5884704589844, 125.86790466308594]]]
[[[246.2457275390625, 149.2661895751953]], [[314.6594543457031, 126.5345687866211]]]
[[[246.26646423339844, 149.27117919921875]], [[314.65008544921875, 126.52839660644531]]]
[[[246.19454956054688, 149.9431610107422]], [[314.1004638671875, 126.93338012695312]]]
[[[246.20379638671875, 150.58226013183594]], [[311.76214599609375, 127.95210266113281]]]
[[[246.23593139648438, 150.62229919433594]], [[311.7567138671875, 127.9460678100586]]]
[[[246.72584533691406, 150.06895446777344]], [[312.3524169921875, 127.90414428710938]]]
[[[246.49781799316406, 150.11444091796875]], [[312.66229248046875, 128.21417236328125]]]
[[[246.50942993164062, 150.12014770507812]], [[312.6615905761719, 128.20689392089844]]]
[[[246.41439819335938, 150.81126403808594]], [[312.3857727050781, 128.39205932617188]]]
[[[247.16600036621094, 151.60728454589844]], [[312.0005798339844, 127.43549346923828]]]
[[[247.1573944091797, 151.6125030517578]], [[312.007080078125, 127.44451141357422]]]
[[[247.3874053955078, 151.7470245361328]], [[311.6550598144531, 126.63235473632812]]]
[[[247.4188232421875, 152.3422088623047]], [[310.90350341796875, 127.34981536865234]]]
[[[247.43643188476562, 152.335205078125]], [[310.894287109375, 127.33505249023438]]]
[[[247.77548217773438, 152.2666015625]], [[310.9938659667969, 126.67842864990234]]]
[[[247.7899932861328, 152.05982971191406]], [[309.9930419921875, 126.75643157958984]]]
[[[247.79995727539062, 152.07371520996094]], [[310.002197265625, 126.76524353027344]]]
[[[248.01852416992188, 152.81240844726562]], [[308.3162536621094, 126.34762573242188]]]
[[[248.80111694335938, 153.41539001464844]], [[305.27191162109375, 123.64437103271484]]]
[[[248.81692504882812, 153.4279022216797]], [[305.2681884765625, 123.64836883544922]]]
[[[248.1588134765625, 152.1912841796875]], [[306.0482482910156, 122.89008331298828]]]
[[[247.26004028320312, 150.62600708007812]], [[307.1341552734375, 121.95535278320312]]]
[[[247.31613159179688, 150.63075256347656]], [[307.1271667480469, 121.94770050048828]]]
[[[247.30474853515625, 150.59317016601562]], [[306.80108642578125, 121.92103576660156]]]
[[[246.9415283203125, 150.11976623535156]], [[307.9446105957031, 119.36174774169922]]]
[[[246.96412658691406, 150.1298828125]], [[307.9379577636719, 119.35492706298828]]]
[[[246.08279418945312, 148.43218994140625]], [[309.37225341796875, 118.01875305175781]]]
[[[245.744873046875, 148.25262451171875]], [[309.4190979003906, 116.84750366210938]]]
[[[245.76332092285156, 148.27125549316406]], [[309.40771484375, 116.84000396728516]]]
[[[245.0767364501953, 148.7510986328125]], [[311.0804748535156, 114.16423797607422]]]
[[[244.98602294921875, 148.14976501464844]], [[312.3151550292969, 112.77706146240234]]]
[[[245.01756286621094, 148.14820861816406]], [[312.3142395019531, 112.77175903320312]]]
[[[245.0111846923828, 148.4542236328125]], [[313.6630554199219, 112.10091400146484]]]
[[[245.2659912109375, 149.64413452148438]], [[313.645263671875, 112.69976043701172]]]
[[[245.2681884765625, 149.641845703125]], [[313.63031005859375, 112.68737030029297]]]
[[[246.34352111816406, 151.199462890625]], [[314.8170471191406, 112.69869995117188]]]
[[[246.61514282226562, 152.39036560058594]], [[315.38006591796875, 112.98802947998047]]]
[[[246.59022521972656, 152.37635803222656]], [[315.39434814453125, 113.00123596191406]]]
[[[246.52420043945312, 153.4496612548828]], [[316.51617431640625, 112.98290252685547]]]
[[[246.83824157714844, 154.29241943359375]], [[317.13604736328125, 112.78228759765625]]]
[[[246.83154296875, 154.29702758789062]], [[317.1398620605469, 112.77303314208984]]]
[[[247.006591796875, 154.1354522705078]], [[315.3658752441406, 112.7783432006836]]]
[[[246.6182861328125, 155.26925659179688]], [[316.3194274902344, 113.8818588256836]]]
[[[246.59141540527344, 155.28196716308594]], [[316.33001708984375, 113.88687896728516]]]
[[[246.78955078125, 154.55154418945312]], [[315.7939147949219, 114.32843780517578]]]
[[[246.6224365234375, 153.25711059570312]], [[317.04376220703125, 114.52063751220703]]]
[[[246.58181762695312, 153.2523956298828]], [[317.0406494140625, 114.51850891113281]]]
[[[246.590087890625, 153.09005737304688]], [[317.5160217285156, 114.05391693115234]]]
[[[246.66673278808594, 153.19705200195312]], [[317.47979736328125, 114.05364990234375]]]
[[[246.70965576171875, 153.25289916992188]], [[317.5058898925781, 114.06027221679688]]]
[[[246.89976501464844, 153.4008026123047]], [[318.3301086425781, 114.03580474853516]]]
[[[246.88514709472656, 153.361572265625]], [[321.19989013671875, 113.52991485595703]]]
[[[246.93370056152344, 153.36514282226562]], [[321.2071533203125, 113.54586791992188]]]
[[[246.69189453125, 152.62857055664062]], [[320.7396240234375, 114.3304443359375]]]
[[[246.8229522705078, 153.8946075439453]], [[322.57257080078125, 114.58714294433594]]]
[[[246.85557556152344, 153.90614318847656]], [[322.56341552734375, 114.58052062988281]]]
[[[247.15811157226562, 154.3240509033203]], [[323.6331481933594, 114.34022521972656]]]
[[[247.34097290039062, 154.42788696289062]], [[325.0242614746094, 113.7269058227539]]]
[[[247.34140014648438, 154.4271240234375]], [[324.99969482421875, 113.70316314697266]]]
[[[247.25535583496094, 154.35585021972656]], [[326.20263671875, 113.91473388671875]]]
[[[246.56292724609375, 153.658935546875]], [[325.8653564453125, 114.70968627929688]]]
[[[246.5556640625, 153.65609741210938]], [[325.87432861328125, 114.70957946777344]]]
[[[246.04244995117188, 153.08546447753906]], [[326.905029296875, 114.67717742919922]]]
[[[245.7909698486328, 152.6488800048828]], [[327.45123291015625, 113.77467346191406]]]
[[[245.80148315429688, 152.6509552001953]], [[327.4573059082031, 113.77545166015625]]]
[[[246.07786560058594, 153.0570831298828]], [[325.91571044921875, 115.0048828125]]]
[[[246.45074462890625, 153.5586395263672]], [[326.5962829589844, 114.99500274658203]]]
[[[246.54458618164062, 153.5310821533203]], [[326.59002685546875, 114.99357604980469]]]
[[[246.35299682617188, 152.1515350341797]], [[326.6213073730469, 115.0133056640625]]]
[[[246.6463623046875, 151.43531799316406]], [[327.6082458496094, 114.68562316894531]]]
[[[246.64474487304688, 151.43345642089844]], [[327.6007385253906, 114.6824722290039]]]
[[[246.41461181640625, 150.71124267578125]], [[327.5823059082031, 114.60197448730469]]]
[[[246.0049591064453, 150.57484436035156]], [[328.286376953125, 113.77574920654297]]]
[[[245.92724609375, 150.5457305908203]], [[328.27679443359375, 113.76026153564453]]]
[[[245.95889282226562, 151.32147216796875]], [[328.5881042480469, 112.4661865234375]]]
[[[246.15565490722656, 150.9717254638672]], [[328.60211181640625, 109.88053131103516]]]
[[[246.1446075439453, 150.98550415039062]], [[328.60235595703125, 109.87421417236328]]]
[[[245.44085693359375, 150.0680389404297]], [[327.73345947265625, 107.82999420166016]]]
[[[245.01556396484375, 148.78057861328125]], [[328.708740234375, 107.52681732177734]]]
[[[245.02012634277344, 148.7829132080078]], [[328.71063232421875, 107.52964782714844]]]
[[[244.57424926757812, 147.7848663330078]], [[325.598876953125, 108.6216812133789]]]
[[[244.53671264648438, 148.3114776611328]], [[323.6124572753906, 108.58899688720703]]]
[[[244.57275390625, 148.3192901611328]], [[323.61309814453125, 108.5882339477539]]]
[[[245.10549926757812, 148.17544555664062]], [[325.20037841796875, 108.51393127441406]]]
[[[245.32028198242188, 147.7211151123047]], [[322.4634094238281, 108.27698516845703]]]
[[[245.3174285888672, 147.739990234375]], [[322.46929931640625, 108.28597259521484]]]
[[[246.0621795654297, 148.82894897460938]], [[321.361083984375, 108.9229736328125]]]
[[[246.75599670410156, 148.86306762695312]], [[318.9554443359375, 109.58843994140625]]]
[[[246.7464599609375, 148.86752319335938]], [[318.9558410644531, 109.589111328125]]]
[[[246.83099365234375, 147.92990112304688]], [[319.6877746582031, 107.76223754882812]]]
[[[246.66531372070312, 147.323974609375]], [[318.9376525878906, 108.45941162109375]]]
[[[246.73736572265625, 147.3395233154297]], [[318.9279479980469, 108.4619140625]]]
[[[246.02403259277344, 144.98667907714844]], [[318.6478271484375, 109.71382904052734]]]
[[[245.50228881835938, 143.41868591308594]], [[319.205322265625, 110.43207550048828]]]
[[[245.52752685546875, 143.43211364746094]], [[319.2076110839844, 110.43492126464844]]]
[[[245.97080993652344, 146.3589324951172]], [[317.5626525878906, 111.80109405517578]]]
[[[247.00601196289062, 146.52224731445312]], [[317.9328918457031, 111.84528350830078]]]
[[[247.0989532470703, 146.5249481201172]], [[317.92633056640625, 111.84317016601562]]]
[[[247.0501708984375, 145.80052185058594]], [[317.7917175292969, 112.97987365722656]]]
[[[246.51478576660156, 146.08482360839844]], [[318.03009033203125, 113.6638412475586]]]
[[[246.50656127929688, 146.08580017089844]], [[318.0310363769531, 113.66035461425781]]]
[[[245.8984375, 146.1160888671875]], [[318.6762390136719, 114.33326721191406]]]
[[[245.64744567871094, 144.98379516601562]], [[320.5386047363281, 113.79973602294922]]]
[[[245.66567993164062, 145.00465393066406]], [[320.53057861328125, 113.78053283691406]]]
[[[245.05221557617188, 144.1658935546875]], [[322.5978698730469, 113.5917739868164]]]
[[[245.4231719970703, 143.544921875]], [[322.4348449707031, 113.94511413574219]]]
[[[245.4083709716797, 143.55738830566406]], [[322.4353942871094, 113.94491577148438]]]
[[[245.86631774902344, 143.5599365234375]], [[323.8261413574219, 112.90631866455078]]]
[[[246.1798858642578, 144.6020965576172]], [[324.1474304199219, 112.93396759033203]]]
[[[246.18994140625, 144.61691284179688]], [[324.1509094238281, 112.93489837646484]]]
[[[246.0794677734375, 146.40650939941406]], [[323.8603210449219, 113.36605834960938]]]
[[[246.54403686523438, 147.55625915527344]], [[324.73809814453125, 112.44815826416016]]]
[[[246.55030822753906, 147.55950927734375]], [[324.734619140625, 112.44213104248047]]]
[[[247.02191162109375, 147.54959106445312]], [[323.5205993652344, 112.72577667236328]]]
[[[246.8578643798828, 147.93081665039062]], [[324.40032958984375, 112.5432357788086]]]
[[[246.8269500732422, 147.91323852539062]], [[324.4009094238281, 112.53496551513672]]]
[[[246.98265075683594, 147.57073974609375]], [[324.1706237792969, 112.23516845703125]]]
[[[247.1096954345703, 147.93807983398438]], [[325.87542724609375, 111.8840560913086]]]
[[[247.1121826171875, 147.9401397705078]], [[325.87628173828125, 111.88592529296875]]]
[[[247.55738830566406, 147.86785888671875]], [[324.4873352050781, 113.56375122070312]]]
[[[246.5738525390625, 146.90223693847656]], [[326.39581298828125, 114.68123626708984]]]
[[[246.56199645996094, 146.89810180664062]], [[326.401611328125, 114.66937255859375]]]
[[[246.25741577148438, 145.9806671142578]], [[326.4571228027344, 114.85484313964844]]]
[[[246.53173828125, 146.0522918701172]], [[325.96710205078125, 116.17070770263672]]]
[[[246.5361785888672, 146.0534210205078]], [[325.96710205078125, 116.17023468017578]]]
[[[248.6573486328125, 148.18060302734375]], [[317.6204833984375, 131.61376953125]]]
[[[249.16639709472656, 150.0801239013672]], [[317.01702880859375, 132.19631958007812]]]
[[[249.15664672851562, 150.08433532714844]], [[317.024169921875, 132.20291137695312]]]
[[[249.68209838867188, 150.49110412597656]], [[316.6543273925781, 131.95045471191406]]]
[[[250.02931213378906, 150.06948852539062]], [[318.1883850097656, 131.6310272216797]]]
[[[250.02743530273438, 150.0796661376953]], [[318.16644287109375, 131.66647338867188]]]
[[[249.876708984375, 150.1329345703125]], [[320.1019592285156, 129.2467498779297]]]
[[[249.8454132080078, 150.47116088867188]], [[321.5188293457031, 127.30341339111328]]]
[[[249.9409637451172, 150.52488708496094]], [[321.5206604003906, 127.30191040039062]]]
[[[250.210693359375, 150.63214111328125]], [[320.9068298339844, 126.9513931274414]]]
[[[250.9536895751953, 151.3814697265625]], [[320.5534362792969, 125.33587646484375]]]
[[[250.91810607910156, 151.36241149902344]], [[320.5617980957031, 125.30162811279297]]]
[[[251.84776306152344, 151.8774871826172]], [[321.566162109375, 123.98674011230469]]]
[[[252.19094848632812, 150.7931365966797]], [[321.2935485839844, 125.06982421875]]]
[[[252.224853515625, 150.79393005371094]], [[321.303955078125, 125.07695007324219]]]
[[[251.69078063964844, 151.61822509765625]], [[322.88226318359375, 123.44647216796875]]]
[[[251.87828063964844, 152.0167999267578]], [[322.9449768066406, 125.2984619140625]]]
[[[252.05130004882812, 152.01943969726562]], [[322.92401123046875, 125.3047103881836]]]
[[[252.1206512451172, 150.63314819335938]], [[323.9267883300781, 125.49181365966797]]]
[[[251.47279357910156, 149.4768524169922]], [[323.1849060058594, 128.4427490234375]]]
[[[251.40927124023438, 149.50634765625]], [[323.1676330566406, 128.4378204345703]]]
[[[250.83749389648438, 147.48040771484375]], [[322.3334655761719, 129.146484375]]]
[[[250.58692932128906, 147.4968719482422]], [[320.58197021484375, 129.9960174560547]]]
[[[250.55050659179688, 147.49563598632812]], [[320.5921325683594, 130.01681518554688]]]
[[[250.64202880859375, 148.37351989746094]], [[318.48980712890625, 131.27735900878906]]]
[[[250.88528442382812, 148.4044952392578]], [[319.1119384765625, 131.08245849609375]]]
[[[250.9302978515625, 148.42359924316406]], [[319.1238098144531, 131.07192993164062]]]
[[[250.70181274414062, 148.3937225341797]], [[319.5365905761719, 131.83819580078125]]]
[[[250.14569091796875, 147.90167236328125]], [[319.3767395019531, 131.97198486328125]]]
[[[250.1023406982422, 147.89556884765625]], [[319.3993835449219, 131.99249267578125]]]
[[[250.58773803710938, 149.08851623535156]], [[319.36279296875, 132.41586303710938]]]
[[[251.68118286132812, 150.357177734375]], [[319.128662109375, 132.51614379882812]]]
[[[251.70761108398438, 150.36990356445312]], [[319.123291015625, 132.53359985351562]]]
[[[252.43167114257812, 150.6839599609375]], [[318.9741516113281, 132.69863891601562]]]
[[[252.79286193847656, 151.50543212890625]], [[319.5288391113281, 133.07345581054688]]]
[[[252.80569458007812, 151.52078247070312]], [[319.5289611816406, 133.07437133789062]]]
[[[253.07037353515625, 152.6993408203125]], [[319.5329895019531, 133.98739624023438]]]
[[[253.76780700683594, 153.03598022460938]], [[319.65179443359375, 133.78927612304688]]]
[[[253.74159240722656, 153.03990173339844]], [[319.6585998535156, 133.79261779785156]]]
[[[254.13211059570312, 153.90489196777344]], [[319.322265625, 133.9994659423828]]]
[[[254.293212890625, 154.07150268554688]], [[319.3517150878906, 133.95590209960938]]]
[[[254.29940795898438, 154.1014404296875]], [[319.3454284667969, 133.95892333984375]]]
[[[254.4914093017578, 153.4591522216797]], [[321.3667907714844, 133.38922119140625]]]
[[[254.53439331054688, 153.4647674560547]], [[321.3716125488281, 134.376953125]]]
[[[254.53257751464844, 153.46878051757812]], [[321.3675842285156, 134.397216796875]]]
[[[255.8018798828125, 154.07118225097656]], [[322.15093994140625, 134.0884552001953]]]
[[[256.5787353515625, 156.07595825195312]], [[324.8328857421875, 131.34332275390625]]]
[[[256.5730285644531, 156.07420349121094]], [[324.8336181640625, 131.34942626953125]]]
[[[257.19818115234375, 156.04722595214844]], [[325.0885314941406, 131.20217895507812]]]
[[[257.4295654296875, 156.28207397460938]], [[325.2626037597656, 129.84298706054688]]]
[[[257.45806884765625, 156.2975311279297]], [[325.2384948730469, 129.80702209472656]]]
[[[258.77154541015625, 156.82142639160156]], [[325.3822021484375, 129.05816650390625]]]
[[[259.0086669921875, 156.066162109375]], [[325.79022216796875, 128.53805541992188]]]
[[[259.00592041015625, 156.06362915039062]], [[325.7933044433594, 128.54396057128906]]]
[[[258.69451904296875, 155.21002197265625]], [[325.44915771484375, 128.0958709716797]]]
[[[259.068603515625, 155.19764709472656]], [[326.1061096191406, 128.21780395507812]]]
[[[259.0591125488281, 155.18821716308594]], [[326.1272888183594, 128.2261505126953]]]
[[[259.46185302734375, 156.1049041748047]], [[326.799072265625, 128.525390625]]]
[[[259.8201904296875, 157.07969665527344]], [[326.5064392089844, 127.83192443847656]]]
[[[259.83319091796875, 157.09104919433594]], [[326.4969177246094, 127.82388305664062]]]
[[[259.6074523925781, 156.29598999023438]], [[326.7684326171875, 127.59003448486328]]]
[[[259.00311279296875, 154.57052612304688]], [[326.2106018066406, 127.15885162353516]]]
[[[259.0126647949219, 154.56781005859375]], [[326.2260437011719, 127.16572570800781]]]
[[[259.0484924316406, 153.83609008789062]], [[326.2178955078125, 126.778076171875]]]
[[[259.56646728515625, 154.70654296875]], [[325.79693603515625, 128.07180786132812]]]
[[[259.59820556640625, 154.72793579101562]], [[325.8051452636719, 128.11093139648438]]]
[[[259.80072021484375, 154.87646484375]], [[323.39892578125, 130.8307647705078]]]
[[[259.81500244140625, 154.35499572753906]], [[322.8195495605469, 131.70144653320312]]]
[[[259.77044677734375, 154.37530517578125]], [[322.8242492675781, 131.66976928710938]]]
[[[259.39508056640625, 153.7926483154297]], [[322.0259094238281, 132.42581176757812]]]
[[[259.4326171875, 152.80078125]], [[322.3923034667969, 132.57174682617188]]]
[[[259.46209716796875, 152.80931091308594]], [[322.42559814453125, 132.5800323486328]]]
[[[260.006591796875, 153.7694854736328]], [[322.4189147949219, 133.08798217773438]]]
[[[260.55462646484375, 154.4805450439453]], [[323.25836181640625, 133.4996337890625]]]
[[[260.5146484375, 154.4701385498047]], [[323.2840881347656, 133.5076904296875]]]
[[[260.7088623046875, 153.86697387695312]], [[324.1379699707031, 133.25709533691406]]]
[[[260.49505615234375, 154.0764617919922]], [[323.5560302734375, 132.6446533203125]]]
[[[260.5247802734375, 154.0775146484375]], [[323.5847473144531, 132.62986755371094]]]
[[[261.2259521484375, 155.52638244628906]], [[324.4168701171875, 132.27862548828125]]]
[[[262.1666259765625, 157.25958251953125]], [[323.716064453125, 132.22012329101562]]]
[[[262.16485595703125, 157.22650146484375]], [[323.72833251953125, 132.2454833984375]]]
[[[262.5545349121094, 157.43106079101562]], [[323.3614501953125, 131.068603515625]]]
[[[261.7522888183594, 154.00196838378906]], [[322.3730163574219, 130.94073486328125]]]
[[[261.75909423828125, 153.98757934570312]], [[322.38983154296875, 130.9041748046875]]]
[[[261.449951171875, 153.0443878173828]], [[321.82562255859375, 129.94505310058594]]]
[[[261.52435302734375, 153.54029846191406]], [[320.9417724609375, 129.78160095214844]]]
[[[261.57171630859375, 153.52845764160156]], [[320.929931640625, 129.84014892578125]]]
[[[261.95941162109375, 154.62802124023438]], [[320.2344055175781, 129.99191284179688]]]
[[[262.982421875, 155.5294952392578]], [[320.945068359375, 129.374267578125]]]
[[[262.9967041015625, 155.52487182617188]], [[320.94110107421875, 129.36148071289062]]]
[[[263.3677062988281, 156.43515014648438]], [[319.8851013183594, 129.55674743652344]]]
[[[263.50372314453125, 155.8766326904297]], [[320.16143798828125, 129.02316284179688]]]
[[[263.4806213378906, 155.87342834472656]], [[320.16363525390625, 129.0224609375]]]
[[[263.0325622558594, 154.10577392578125]], [[317.3328857421875, 128.43014526367188]]]
[[[262.8755187988281, 153.9638671875]], [[316.42169189453125, 128.44110107421875]]]
[[[262.86505126953125, 153.97320556640625]], [[316.4144592285156, 128.4605712890625]]]
[[[262.73004150390625, 154.87857055664062]], [[316.1769104003906, 129.56338500976562]]]
[[[263.3457946777344, 155.6863250732422]], [[315.37567138671875, 129.506591796875]]]
[[[263.33392333984375, 155.67831420898438]], [[315.3775939941406, 129.51779174804688]]]
[[[263.735595703125, 155.74417114257812]], [[315.17279052734375, 130.19509887695312]]]
[[[264.02618408203125, 155.73751831054688]], [[313.93463134765625, 129.7370147705078]]]
[[[264.1069030761719, 155.73162841796875]], [[313.9208679199219, 129.76077270507812]]]
[[[264.2862854003906, 155.7045440673828]], [[312.9830627441406, 129.9412841796875]]]
[[[264.2574768066406, 156.09031677246094]], [[311.48089599609375, 130.97064208984375]]]
[[[264.2875671386719, 156.10409545898438]], [[311.4794006347656, 130.9680633544922]]]
[[[264.0849304199219, 155.85009765625]], [[311.46063232421875, 130.54135131835938]]]
[[[263.87335205078125, 156.49783325195312]], [[307.4788513183594, 131.91864013671875]]]
[[[264.0097961425781, 156.5125274658203]], [[307.47125244140625, 131.93011474609375]]]
[[[264.1589050292969, 156.83518981933594]], [[308.02227783203125, 131.64208984375]]]
[[[264.1804504394531, 157.559814453125]], [[308.7027893066406, 131.70938110351562]]]
[[[264.2391357421875, 157.56600952148438]], [[308.6671447753906, 131.65870666503906]]]
[[[264.3948059082031, 157.77203369140625]], [[309.0201721191406, 131.25245666503906]]]
[[[265.11773681640625, 158.40603637695312]], [[308.4817810058594, 131.46054077148438]]]
[[[265.0992126464844, 158.38531494140625]], [[308.4917907714844, 131.43072509765625]]]
[[[264.7954406738281, 159.11700439453125]], [[308.02581787109375, 131.31494140625]]]
[[[264.7596435546875, 159.08352661132812]], [[308.8069763183594, 131.272216796875]]]
[[[264.759521484375, 159.080322265625]], [[308.8061828613281, 131.28204345703125]]]
[[[265.13458251953125, 157.66311645507812]], [[309.1405029296875, 131.47567749023438]]]
[[[265.1116943359375, 157.51832580566406]], [[307.3634338378906, 132.53509521484375]]]
[[[265.1075744628906, 157.5132598876953]], [[307.36322021484375, 132.53778076171875]]]
[[[265.6200256347656, 159.11294555664062]], [[306.48968505859375, 133.01187133789062]]]
[[[266.1861572265625, 161.61900329589844]], [[307.79248046875, 132.50387573242188]]]
[[[266.1810607910156, 161.6114959716797]], [[307.7933654785156, 132.50254821777344]]]
[[[266.7420654296875, 163.35592651367188]], [[308.7217102050781, 131.4794921875]]]
[[[266.8504333496094, 164.1444549560547]], [[308.0659484863281, 132.01388549804688]]]
[[[266.862060546875, 164.14784240722656]], [[308.06640625, 132.01327514648438]]]
[[[266.6097106933594, 164.20941162109375]], [[306.71990966796875, 132.75711059570312]]]
[[[265.9142761230469, 162.6323699951172]], [[306.49609375, 130.34933471679688]]]
[[[265.91973876953125, 162.62901306152344]], [[306.4951477050781, 130.35025024414062]]]
[[[265.59674072265625, 162.01800537109375]], [[304.2807312011719, 131.01182556152344]]]
[[[265.7718811035156, 161.88848876953125]], [[304.79632568359375, 132.07102966308594]]]
[[[265.7626647949219, 161.8852996826172]], [[304.7962341308594, 132.0709228515625]]]
[[[266.32745361328125, 161.971435546875]], [[304.7195739746094, 131.76788330078125]]]
[[[266.5297546386719, 162.6479949951172]], [[303.229248046875, 131.4957733154297]]]
[[[266.53070068359375, 162.64833068847656]], [[303.2268371582031, 131.4964141845703]]]
[[[267.01220703125, 163.093505859375]], [[303.96490478515625, 131.908447265625]]]
[[[267.0133056640625, 163.0545196533203]], [[303.7518615722656, 132.75704956054688]]]
[[[267.03546142578125, 163.0558319091797]], [[303.75689697265625, 132.7554931640625]]]
[[[266.89447021484375, 162.73336791992188]], [[303.16058349609375, 132.69125366210938]]]
[[[266.65985107421875, 162.09439086914062]], [[302.8157653808594, 132.90151977539062]]]
[[[266.6423034667969, 162.0915069580078]], [[302.82342529296875, 132.89620971679688]]]
[[[266.3503723144531, 161.2654571533203]], [[302.45330810546875, 133.11758422851562]]]
[[[266.098876953125, 160.9573211669922]], [[301.46697998046875, 132.31480407714844]]]
[[[266.1277160644531, 160.96754455566406]], [[301.4602355957031, 132.31393432617188]]]
[[[266.0265197753906, 161.8728790283203]], [[302.3796691894531, 131.69407653808594]]]
[[[266.8874206542969, 163.7702178955078]], [[304.61968994140625, 132.4794921875]]]
[[[266.88238525390625, 163.77674865722656]], [[304.6169738769531, 132.48110961914062]]]
[[[267.6879577636719, 166.717529296875]], [[305.5609130859375, 133.09561157226562]]]
[[[269.28265380859375, 168.82815551757812]], [[304.5740661621094, 131.43994140625]]]
[[[269.28741455078125, 168.8326416015625]], [[304.5757141113281, 131.44070434570312]]]
[[[268.8985900878906, 168.7533416748047]], [[303.82000732421875, 131.29727172851562]]]
[[[268.9735412597656, 169.07125854492188]], [[303.5706787109375, 131.45877075195312]]]
[[[268.9725036621094, 169.06622314453125]], [[303.5711669921875, 131.4598846435547]]]
[[[269.4691467285156, 168.8475799560547]], [[302.9659423828125, 131.62547302246094]]]
[[[269.4979248046875, 168.426513671875]], [[303.18658447265625, 131.64962768554688]]]
[[[269.51153564453125, 168.42849731445312]], [[303.18658447265625, 131.64968872070312]]]
[[[269.2648010253906, 168.7269744873047]], [[302.52154541015625, 131.61279296875]]]
[[[269.3487854003906, 168.9206085205078]], [[302.6547546386719, 131.75848388671875]]]
[[[269.3463439941406, 168.91787719726562]], [[302.6547546386719, 131.75848388671875]]]
[[[270.0967712402344, 169.5239715576172]], [[303.201904296875, 133.20632934570312]]]
[[[269.3578186035156, 168.71046447753906]], [[302.58966064453125, 132.44577026367188]]]
[[[269.3600769042969, 168.71136474609375]], [[302.5889892578125, 132.4459991455078]]]
[[[269.6654968261719, 167.36978149414062]], [[302.7258605957031, 131.75445556640625]]]
[[[268.4037170410156, 167.45094299316406]], [[303.0115661621094, 131.61697387695312]]]
[[[268.404052734375, 167.45098876953125]], [[303.0117492675781, 131.6170196533203]]]
[[[267.5990905761719, 168.4705352783203]], [[303.6716003417969, 131.45208740234375]]]
[[[266.864013671875, 167.1997833251953]], [[303.6515808105469, 131.6400146484375]]]
[[[266.8637390136719, 167.1992950439453]], [[303.6515808105469, 131.6400146484375]]]
[[[265.8121643066406, 164.98074340820312]], [[303.4600524902344, 131.08670043945312]]]
[[[265.3104248046875, 165.09632873535156]], [[303.41912841796875, 130.38873291015625]]]
[[[265.3103332519531, 165.0963134765625]], [[303.40985107421875, 130.38613891601562]]]
[[[263.6529541015625, 166.4690399169922]], [[303.31854248046875, 130.50250244140625]]]
[[[264.9234924316406, 168.074462890625]], [[303.8026123046875, 130.7261199951172]]]
[[[264.9239807128906, 168.07362365722656]], [[303.8034362792969, 130.7259521484375]]]
[[[266.9244689941406, 171.20738220214844]], [[304.50457763671875, 131.72518920898438]]]
[[[265.5282287597656, 170.62583923339844]], [[304.438720703125, 132.62161254882812]]]
[[[265.5302429199219, 170.62525939941406]], [[304.44207763671875, 132.6179656982422]]]
[[[264.31231689453125, 170.05381774902344]], [[303.9150390625, 132.33566284179688]]]
[[[264.09521484375, 171.5509033203125]], [[303.2598876953125, 132.24343872070312]]]
[[[265.090087890625, 173.58668518066406]], [[303.62701416015625, 133.31442260742188]]]
[[[265.0936584472656, 173.5870819091797]], [[303.626953125, 133.3145751953125]]]
[[[265.271240234375, 174.78895568847656]], [[303.2020568847656, 133.66357421875]]]
[[[264.2596435546875, 174.24583435058594]], [[302.38482666015625, 133.51535034179688]]]
[[[264.26068115234375, 174.24636840820312]], [[302.3849182128906, 133.51962280273438]]]
[[[263.538818359375, 173.59315490722656]], [[302.9984436035156, 133.86395263671875]]]
[[[263.4759521484375, 174.8444061279297]], [[303.0330810546875, 134.7788848876953]]]
[[[263.47430419921875, 174.84324645996094]], [[303.0321350097656, 134.78125]]]
[[[262.90716552734375, 175.15457153320312]], [[302.23828125, 135.2777099609375]]]
[[[262.1432800292969, 174.2369842529297]], [[301.980712890625, 134.42970275878906]]]
[[[262.1424865722656, 174.2355499267578]], [[301.9833984375, 134.42796325683594]]]
[[[261.2711181640625, 173.31985473632812]], [[302.37896728515625, 134.4450225830078]]]
[[[260.3583679199219, 172.64312744140625]], [[302.623046875, 135.4703369140625]]]
[[[260.36273193359375, 172.6445770263672]], [[302.6412048339844, 135.44996643066406]]]
[[[260.2354736328125, 171.9302215576172]], [[302.81280517578125, 135.46859741210938]]]
[[[260.1483154296875, 171.2430877685547]], [[302.7835998535156, 135.20492553710938]]]
[[[260.1478271484375, 171.24337768554688]], [[302.7847900390625, 135.2035369873047]]]
[[[259.59765625, 169.5]], [[301.8282165527344, 134.03604125976562]]]
[[[259.73291015625, 168.9453125]], [[302.14569091796875, 133.90240478515625]]]
[[[259.7314453125, 168.94436645507812]], [[302.1466979980469, 133.90066528320312]]]
[[[259.4014892578125, 170.12303161621094]], [[302.7207946777344, 134.19943237304688]]]
[[[258.88995361328125, 169.4031982421875]], [[302.6842956542969, 133.68292236328125]]]
[[[258.87799072265625, 169.3990478515625]], [[302.6842346191406, 133.68240356445312]]]
[[[258.10272216796875, 169.70094299316406]], [[302.2422180175781, 134.06063842773438]]]
[[[257.61614990234375, 169.51190185546875]], [[301.8642272949219, 134.0347900390625]]]
[[[257.6136474609375, 169.5116729736328]], [[301.8648376464844, 134.0340576171875]]]
[[[258.63775634765625, 168.1284942626953]], [[301.7870788574219, 133.2435760498047]]]
[[[254.9286651611328, 167.17239379882812]], [[300.3855895996094, 133.83871459960938]]]
[[[254.92616271972656, 167.17135620117188]], [[300.3895263671875, 133.8365020751953]]]
[[[253.58226013183594, 167.36204528808594]], [[301.2913513183594, 133.69091796875]]]
[[[253.11221313476562, 168.8587646484375]], [[301.28729248046875, 133.5321044921875]]]
[[[253.11746215820312, 168.86038208007812]], [[301.2884216308594, 133.52891540527344]]]
[[[252.54940795898438, 170.77215576171875]], [[300.5075988769531, 133.9497528076172]]]
[[[252.84669494628906, 169.8177032470703]], [[300.9724426269531, 134.36282348632812]]]
[[[252.8216094970703, 169.80613708496094]], [[300.9736633300781, 134.3614501953125]]]
[[[253.55821228027344, 168.48843383789062]], [[301.7203369140625, 134.9559326171875]]]
[[[253.51992797851562, 168.68621826171875]], [[301.94317626953125, 135.9736328125]]]
[[[253.52182006835938, 168.68666076660156]], [[301.94317626953125, 135.9736328125]]]
[[[252.9859619140625, 167.21994018554688]], [[300.9858093261719, 137.22398376464844]]]
[[[252.35252380371094, 169.83364868164062]], [[300.7389831542969, 138.51998901367188]]]
[[[252.35667419433594, 169.83583068847656]], [[300.7389221191406, 138.5203857421875]]]
[[[252.000732421875, 171.64437866210938]], [[301.0936279296875, 139.0150604248047]]]
[[[251.66407775878906, 173.21212768554688]], [[301.343017578125, 139.49090576171875]]]
[[[251.68177795410156, 173.22003173828125]], [[301.3418273925781, 139.49020385742188]]]
[[[243.80690002441406, 183.34983825683594]], [[301.0130310058594, 139.9296417236328]]]
[[[238.60357666015625, 187.21243286132812]], [[300.67626953125, 140.16854858398438]]]
[[[238.60357666015625, 187.21243286132812]], [[300.66424560546875, 140.19361877441406]]]
[[[232.5181427001953, 192.0189208984375]], [[300.1904296875, 140.31129455566406]]]
[[[221.70082092285156, 193.79603576660156]], [[299.9288330078125, 140.91001892089844]]]
[[[221.7008056640625, 193.7960205078125]], [[299.9291687011719, 140.9098663330078]]]
[[[216.23597717285156, 193.84512329101562]], [[300.4355163574219, 141.53958129882812]]]
[[[216.0268096923828, 193.5143585205078]], [[301.10809326171875, 141.1732635498047]]]
[[[216.02410888671875, 193.5103302001953]], [[301.1086120605469, 141.17156982421875]]]
[[[223.90164184570312, 187.3082275390625]], [[300.99169921875, 139.44976806640625]]]
[[[224.689697265625, 179.48342895507812]], [[302.0275573730469, 140.0208740234375]]]
[[[224.689697265625, 179.48342895507812]], [[302.0267028808594, 140.02114868164062]]]
[[[241.73291015625, 176.9256134033203]], [[300.6753845214844, 140.33615112304688]]]
[[[249.7139434814453, 174.32867431640625]], [[300.951416015625, 140.3861541748047]]]
[[[249.71409606933594, 174.32615661621094]], [[300.9352722167969, 140.40174865722656]]]
[[[249.39291381835938, 175.29000854492188]], [[299.5570373535156, 140.3292236328125]]]
[[[238.04335021972656, 178.38111877441406]], [[299.6560363769531, 139.9811553955078]]]
[[[238.04373168945312, 178.37930297851562]], [[299.6553955078125, 139.98130798339844]]]
[[[228.6288604736328, 179.95693969726562]], [[299.2987060546875, 140.07981872558594]]]
[[[222.94029235839844, 180.26361083984375]], [[298.3927307128906, 143.53269958496094]]]
[[[222.94088745117188, 180.2635955810547]], [[298.4068603515625, 143.53866577148438]]]
[[[222.63165283203125, 182.7959442138672]], [[300.13128662109375, 144.46405029296875]]]
[[[220.97865295410156, 186.67868041992188]], [[298.15283203125, 145.17945861816406]]]
[[[220.98060607910156, 186.68186950683594]], [[298.13433837890625, 145.19784545898438]]]
[[[221.03077697753906, 186.7007293701172]], [[298.34710693359375, 145.44992065429688]]]
[[[222.1351318359375, 180.33790588378906]], [[296.99627685546875, 145.40721130371094]]]
[[[222.13441467285156, 180.3368377685547]], [[296.9958190917969, 145.4073486328125]]]
[[[222.53977966308594, 176.6147003173828]], [[296.4007568359375, 144.45321655273438]]]
[[[214.6743621826172, 169.36721801757812]], [[293.77337646484375, 144.15972900390625]]]
[[[214.67445373535156, 169.3670654296875]], [[293.7732849121094, 144.15867614746094]]]
[[[214.7900848388672, 169.32481384277344]], [[293.3482666015625, 142.31857299804688]]]
[[[214.75645446777344, 168.6945037841797]], [[294.01788330078125, 140.38194274902344]]]
[[[214.72000122070312, 168.67840576171875]], [[294.0213317871094, 140.38092041015625]]]
[[[214.8905487060547, 166.4108123779297]], [[293.07958984375, 140.09857177734375]]]
[[[213.11163330078125, 165.12213134765625]], [[292.8483581542969, 139.0848388671875]]]
[[[213.11181640625, 165.12217712402344]], [[292.8479309082031, 139.08607482910156]]]
[[[212.8277587890625, 165.4351806640625]], [[291.7375183105469, 137.9013214111328]]]
[[[213.47608947753906, 166.29690551757812]], [[291.2588195800781, 136.13204956054688]]]
[[[213.47608947753906, 166.29690551757812]], [[291.2586364746094, 136.1317901611328]]]
[[[213.66990661621094, 166.912841796875]], [[290.289306640625, 135.75428771972656]]]
[[[212.04942321777344, 168.8707275390625]], [[288.4892272949219, 133.70599365234375]]]
[[[212.05111694335938, 168.87306213378906]], [[288.4886779785156, 133.70590209960938]]]
[[[211.9309844970703, 168.71054077148438]], [[287.7522888183594, 132.6041717529297]]]
[[[211.42770385742188, 164.25592041015625]], [[286.34759521484375, 131.31222534179688]]]
[[[211.43948364257812, 164.25985717773438]], [[286.351318359375, 131.30474853515625]]]
[[[211.60348510742188, 160.47520446777344]], [[286.64019775390625, 131.52749633789062]]]
[[[213.85336303710938, 157.9052734375]], [[285.7231140136719, 132.06918334960938]]]
[[[213.8459930419922, 157.90406799316406]], [[285.7230224609375, 132.069091796875]]]
[[[211.44619750976562, 154.12477111816406]], [[286.2317199707031, 132.43276977539062]]]
[[[209.20448303222656, 151.78919982910156]], [[286.52545166015625, 132.32125854492188]]]
[[[209.19110107421875, 151.7794189453125]], [[286.5256652832031, 132.3211669921875]]]
[[[208.40585327148438, 152.71551513671875]], [[285.7220458984375, 132.26617431640625]]]
[[[208.42189025878906, 154.80105590820312]], [[284.9691162109375, 132.95570373535156]]]
[[[208.40301513671875, 154.79153442382812]], [[284.9703674316406, 132.95071411132812]]]
[[[209.4720916748047, 153.85646057128906]], [[284.9638977050781, 132.9601287841797]]]
[[[209.7435302734375, 153.74436950683594]], [[284.6673278808594, 134.13864135742188]]]
[[[209.75149536132812, 153.74807739257812]], [[284.6672058105469, 134.13815307617188]]]
[[[210.3562469482422, 155.12332153320312]], [[285.646484375, 133.95266723632812]]]
[[[210.576416015625, 156.8855438232422]], [[285.0208435058594, 135.920654296875]]]
[[[210.576904296875, 156.8855438232422]], [[285.0333251953125, 135.9211883544922]]]
[[[211.51162719726562, 158.75933837890625]], [[284.5078430175781, 137.51287841796875]]]
[[[211.39649963378906, 159.0426788330078]], [[285.1156005859375, 137.0797119140625]]]
[[[211.38687133789062, 159.04078674316406]], [[285.1290588378906, 137.04864501953125]]]
[[[211.68511962890625, 160.27133178710938]], [[284.70721435546875, 137.02052307128906]]]
[[[211.5276641845703, 162.38812255859375]], [[285.1168518066406, 138.0745391845703]]]
[[[211.54464721679688, 162.3914794921875]], [[285.13287353515625, 138.0657501220703]]]
[[[211.4779815673828, 163.04820251464844]], [[286.3846740722656, 137.17372131347656]]]
[[[212.29734802246094, 163.6858367919922]], [[285.93328857421875, 136.6440887451172]]]
[[[212.29571533203125, 163.685791015625]], [[285.9332275390625, 136.64393615722656]]]
[[[213.5192413330078, 160.6787872314453]], [[286.2002868652344, 134.67491149902344]]]
[[[214.39529418945312, 159.8557891845703]], [[285.6172790527344, 135.41238403320312]]]