266.00 159.20 
265.87 159.11 
265.83 159.05 
265.96 159.02 
266.08 159.09 
266.18 159.13 
266.29 159.16 
266.50 159.25 
266.79 159.49 
267.14 159.78 
267.45 160.07 
267.58 160.33 
267.73 160.65 
267.72 160.86 
267.84 161.19 
267.82 161.42 
267.80 161.62 
267.67 161.61 
267.51 161.57 
267.23 161.35 
266.74 161.06 
266.15 160.63 
265.62 160.24 
265.60 160.07 
265.59 159.93 
265.69 159.85 
265.92 159.87 
266.13 159.87 
266.37 159.92 
266.69 160.03 
267.09 160.25 
267.55 160.46 
268.22 160.90 
268.98 161.35 
269.78 161.84 
270.58 162.36 
270.93 162.67 
271.29 163.07 
271.74 163.66 
272.23 164.26 
272.93 165.08 
273.69 165.97 
274.36 166.82 
275.21 167.71 
276.06 168.65 
276.84 169.56 
277.61 170.45 
278.13 171.19 
278.62 171.88 
279.06 172.44 
279.46 172.86 
279.69 173.01 
280.05 173.16 
280.29 173.12 
280.63 173.07 
280.95 173.02 
281.19 172.95 
281.48 172.93 
281.76 172.90 
282.08 172.84 
282.51 172.73 
282.94 172.61 
283.36 172.43 
283.84 172.25 
284.34 172.07 
284.73 171.93 
285.03 171.80 
285.18 171.54 
285.34 171.34 
285.37 171.04 
285.27 170.64 
285.20 170.21 
285.07 169.80 
285.01 169.53 
284.93 169.19 
284.89 168.94 
284.80 168.74 
284.82 168.60 
284.80 168.41 
284.77 168.19 
284.70 167.88 
284.52 167.47 
284.37 167.14 
284.32 166.64 
284.16 166.12 
284.03 165.63 
283.94 165.14 
283.82 164.70 
283.71 164.35 
283.66 164.04 
283.53 163.85 
283.43 163.68 
283.23 163.52 
283.14 163.53 
283.18 163.60 
283.19 163.62 
283.15 163.79 
283.19 164.02 
283.21 164.16 
283.11 164.29 
283.07 164.45 
283.11 164.72 
283.06 165.09 
282.99 165.29 
283.00 165.51 
283.03 165.51 
282.95 165.42 
282.88 165.18 
282.83 165.05 
282.75 164.95 
282.72 164.87 
282.73 164.86 
282.83 164.86 
282.84 164.75 
282.82 164.42 
282.86 163.98 
282.82 163.49 
282.75 163.02 
282.76 162.75 
282.76 162.47 
282.74 162.25 
282.70 161.97 
282.70 161.68 
282.65 161.30 
282.59 160.94 
282.53 160.64 
282.59 160.56 
282.59 160.57 
282.62 160.61 
282.67 160.65 
282.66 160.64 
282.60 160.58 
282.64 160.57 
282.67 160.62 
282.82 160.73 
282.90 160.83 
282.96 161.00 
282.94 161.10 
283.01 161.20 
283.04 161.18 
283.13 161.20 
283.20 161.21 
283.30 161.26 
283.38 161.32 
283.46 161.42 
283.50 161.50 
283.55 161.64 
283.52 161.71 
283.51 161.81 
283.55 161.83 
283.67 161.89 
283.69 161.89 
283.72 161.94 
283.69 162.01 
283.66 162.07 
283.67 162.09 
283.68 162.08 
283.71 162.08 
283.77 162.13 
283.91 162.23 
284.02 162.34 
284.15 162.45 
284.21 162.65 
284.27 162.88 
284.35 163.10 
284.45 163.28 
284.54 163.40 
284.69 163.58 
284.92 163.88 
285.18 164.19 
285.40 164.39 
285.55 164.43 
285.61 164.38 
285.68 164.32 
285.69 164.22 
285.73 164.09 
285.81 163.86 
285.78 163.61 
285.76 163.37 
285.67 163.15 
285.59 162.83 
285.40 162.46 
285.26 162.12 
285.13 161.98 
285.06 161.93 
285.16 162.03 
285.24 162.22 
285.39 162.46 
285.47 162.75 
285.59 163.24 
285.80 163.75 
286.02 164.25 
286.19 164.79 
286.28 165.35 
286.50 165.87 
286.52 166.22 
286.56 166.47 
286.56 166.69 
286.45 166.79 
286.34 166.80 
286.30 166.86 
286.33 166.84 
286.28 166.74 
286.23 166.59 
286.14 166.53 
286.14 166.40 
286.19 166.30 
286.12 166.25 
286.19 166.34 
286.25 166.43 
286.22 166.46 
286.12 166.48 
285.97 166.43 
285.72 166.30 
285.47 166.18 
285.27 166.11 
285.16 166.14 
285.10 166.09 
285.04 165.95 
285.01 165.72 
284.99 165.49 
284.86 165.19 
284.72 164.88 
284.75 164.66 
284.73 164.47 
284.78 164.34 
284.83 164.23 
284.87 164.07 
284.69 163.72 
284.46 163.30 
284.24 162.82 
284.19 162.55 
284.06 162.31 
283.90 162.05 
283.94 161.86 
284.01 161.70 
283.88 161.53 
283.86 161.33 
283.81 161.13 
283.88 160.92 
283.91 160.68 
284.08 160.58 
284.21 160.31 
284.20 159.95 
284.03 159.50 
283.93 159.29 
283.88 159.09 
283.78 158.91 
283.69 158.68 
283.74 158.46 
283.71 158.22 
283.64 158.00 
283.47 157.72 
283.35 157.51 
283.19 157.24 
283.09 157.10 
283.12 157.11 
283.14 157.12 
283.14 156.97 
283.13 156.84 
283.02 156.82 
282.94 156.94 
282.87 157.04 
282.86 157.14 
282.87 157.26 
282.91 157.47 
282.89 157.64 
282.96 157.93 
283.00 158.26 
283.02 158.56 
282.98 158.81 
282.90 158.95 
282.81 159.04 
282.82 159.02 
282.79 158.90 
282.86 158.91 
282.92 159.08 
283.01 159.22 
283.17 159.40 
283.39 159.59 
283.54 159.73 
283.71 159.88 
283.89 160.06 
284.14 160.32 
284.40 160.57 
284.72 160.95 
285.02 161.33 
285.37 161.74 
285.59 161.90 
285.79 161.92 
285.97 162.00 
286.13 162.10 
286.32 162.25 
286.42 162.26 
286.46 162.16 
286.45 162.04 
286.43 161.78 
286.34 161.50 
286.20 161.16 
286.04 160.90 
285.88 160.60 
285.74 160.42 
285.55 160.23 
285.35 159.95 
285.11 159.61 
284.88 159.36 
284.80 159.33 
284.78 159.39 
284.83 159.48 
284.92 159.77 
285.05 160.07 
285.23 160.48 
285.42 160.82 
285.58 161.16 
285.77 161.57 
285.96 161.98 
286.23 162.43 
286.47 162.80 
286.66 163.07 
286.79 163.26 
287.09 163.53 
287.40 163.94 
287.69 164.30 
288.04 164.65 
288.33 164.89 
288.59 165.10 
289.03 165.38 
289.42 165.52 
289.85 165.65 
290.26 165.73 
290.73 165.88 
291.19 166.02 
291.68 166.24 
292.06 166.46 
292.37 166.52 
292.71 166.52 
292.97 166.41 
293.25 166.32 
293.46 166.14 
293.55 165.98 
293.63 165.89 
293.72 165.82 
293.84 165.75 
293.92 165.68 
293.94 165.59 
293.93 165.35 
293.89 165.02 
293.91 164.79 
294.02 164.66 
294.16 164.66 
294.25 164.59 
294.41 164.61 
294.50 164.55 
294.66 164.62 
294.82 164.78 
294.92 164.99 
295.10 165.22 
295.23 165.19 
295.38 165.25 
295.49 165.24 
295.60 165.21 
295.59 165.13 
295.53 165.09 
295.58 165.18 
295.66 165.27 
295.72 165.40 
295.71 165.35 
295.71 165.20 
295.70 164.92 
295.63 164.62 
295.64 164.60 
295.64 164.65 
295.74 164.85 
295.81 164.98 
295.89 165.11 
296.05 165.18 
296.15 165.20 
296.27 165.21 
296.35 165.18 
296.44 165.19 
296.52 165.20 
296.61 165.39 
296.72 165.58 
296.84 165.82 
296.96 166.03 
296.99 166.15 
297.03 166.31 
297.14 166.49 
297.21 166.65 
297.22 166.87 
297.19 167.10 
297.24 167.33 
297.28 167.45 
297.34 167.56 
297.41 167.62 
297.46 167.78 
297.60 168.13 
297.74 168.44 
297.96 168.90 
298.16 169.38 
298.26 169.83 
298.30 170.28 
298.40 170.58 
298.51 170.88 
298.64 171.13 
298.74 171.48 
298.82 171.84 
298.95 172.20 
299.04 172.51 
299.05 172.58 
299.11 172.67 
299.10 172.62 
299.11 172.52 
299.05 172.39 
299.09 172.22 
299.14 172.14 
299.19 172.00 
299.18 171.89 
299.20 171.80 
299.20 171.77 
299.19 171.86 
299.23 171.92 
299.32 172.20 
299.26 172.55 
299.19 172.90 
299.06 173.23 
299.00 173.61 
298.89 174.04 
298.82 174.45 
298.62 174.84 
298.45 175.24 
298.29 175.69 
298.17 176.09 
298.02 176.38 
297.73 176.63 
297.37 176.61 
297.09 176.51 
296.63 176.22 
296.10 175.96 
295.58 175.67 
295.01 175.49 
294.24 175.18 
293.58 174.97 
292.79 174.57 
291.87 174.11 
290.92 173.62 
289.95 173.27 
289.17 173.06 
288.42 172.90 
288.01 173.05 
287.64 173.34 
287.39 173.62 
286.95 173.85 
286.58 174.09 
286.48 174.63 
286.37 175.17 
286.45 175.98 
286.59 176.80 
286.74 177.62 
286.74 178.22 
286.63 178.80 
286.53 179.37 
285.97 179.64 
285.48 179.86 
284.99 180.09 
284.55 180.29 
283.96 180.27 
283.27 180.10 
282.47 179.82 
281.38 179.29 
280.33 178.75 
279.00 177.99 
277.57 177.14 
276.20 176.21 
274.71 175.36 
273.31 174.45 
271.97 173.62 
270.48 172.78 
268.99 171.96 
267.63 171.23 
266.04 170.27 
265.79 169.93 
265.80 169.76 
265.73 169.63 
265.96 169.88 
266.45 170.28 
266.97 170.87 
267.62 171.28 
268.31 171.75 
268.86 172.05 
269.33 172.27 
269.92 172.55 
270.21 172.59 
270.44 172.99 
269.45 172.86 
268.30 172.82 
267.17 172.80 
266.01 172.65 
264.12 173.23 
261.85 173.92 
259.57 174.72 
256.76 175.91 
254.09 177.83 
251.67 179.84 
249.17 182.01 
247.07 184.46 
245.25 186.79 
244.48 188.76 
244.26 190.14 
244.10 191.45 
245.90 192.70 
248.60 192.81 
251.66 192.62 
254.65 192.49 
259.09 192.95 
263.54 192.86 
267.20 192.93 
271.04 193.11 
274.79 193.26 
278.54 193.62 
281.21 194.72 
283.48 196.31 
285.74 197.88 
285.03 198.56 
284.16 199.64 
282.44 200.08 
280.26 199.94 
277.14 198.80 
274.02 197.66 
271.73 196.33 
269.33 194.72 
266.99 192.94 
264.49 190.84 
262.03 188.38 
259.60 185.97 
257.28 183.64 
255.97 182.28 
254.63 180.95 
254.00 180.41 
253.88 180.37 
253.67 180.28 
253.32 179.79 
252.94 179.35 
252.43 178.55 
251.74 177.60 
251.21 176.76 
250.45 175.60 
249.37 174.17 
248.20 172.66 
246.79 171.16 
245.35 169.78 
244.04 168.24 
242.85 166.65 
241.79 165.11 
240.87 163.97 
239.96 162.92 
239.16 162.35 
238.49 162.10 
237.88 162.01 
237.55 162.28 
237.50 162.78 
237.59 163.41 
237.79 164.15 
238.05 164.75 
238.28 165.40 
238.46 166.16 
238.61 166.92 
239.00 167.52 
239.46 167.95 
239.93 168.26 
240.33 168.63 
240.41 169.03 
240.44 169.38 
240.41 169.67 
240.29 169.80 
