266.00 160.00 
266.22 159.82 
265.35 159.17 
264.99 159.08 
267.00 159.23 
266.29 158.30 
266.29 158.30 
264.65 157.14 
266.50 158.56 
266.69 158.70 
266.89 160.02 
267.44 160.35 
267.40 160.37 
268.81 161.19 
269.97 162.96 
269.89 162.95 
269.03 162.86 
268.73 162.54 
268.22 162.43 
266.12 161.09 
266.26 161.48 
266.19 161.47 
266.41 161.35 
265.29 159.83 
265.35 159.88 
263.68 157.48 
262.44 157.40 
262.41 157.39 
262.90 157.88 
268.77 160.72 
268.62 160.69 
269.61 161.39 
269.04 161.37 
269.06 161.43 
269.24 162.18 
270.57 162.74 
270.46 162.75 
271.39 162.59 
272.38 163.19 
272.23 163.18 
272.84 163.87 
273.28 164.62 
273.41 164.69 
273.28 165.86 
275.42 169.16 
275.46 169.17 
278.17 172.00 
279.13 173.75 
279.19 173.79 
281.53 174.40 
282.43 174.84 
282.51 174.89 
282.21 174.83 
279.67 173.50 
279.66 173.48 
279.03 172.00 
278.56 171.28 
278.41 171.22 
280.08 171.05 
281.40 171.48 
283.47 173.19 
283.42 173.17 
284.66 173.45 
286.16 174.51 
286.18 174.51 
286.38 174.04 
285.28 172.06 
285.14 172.00 
284.49 169.68 
284.86 168.88 
284.85 168.87 
285.16 169.24 
285.35 169.82 
285.47 169.86 
285.41 170.57 
285.09 169.46 
284.92 169.43 
285.25 168.91 
284.60 168.58 
284.57 168.54 
284.03 167.69 
283.99 166.34 
283.77 166.29 
285.03 167.02 
284.89 166.86 
285.02 166.91 
284.56 165.89 
283.11 165.18 
283.10 165.19 
284.29 162.91 
283.06 162.19 
283.03 162.19 
283.34 162.16 
282.52 161.91 
282.51 161.90 
283.09 162.25 
283.34 164.50 
283.65 164.65 
282.33 164.85 
283.45 166.04 
283.56 166.07 
283.30 165.46 
283.76 165.15 
283.63 165.13 
283.19 163.99 
282.04 163.89 
282.05 163.90 
283.06 165.54 
282.39 167.03 
282.40 167.02 
283.81 167.54 
282.79 164.95 
282.36 164.78 
282.63 163.02 
282.72 163.76 
282.70 163.80 
283.23 164.09 
283.36 163.89 
283.23 163.84 
282.23 162.53 
282.85 161.23 
282.84 161.30 
281.95 160.71 
282.89 161.42 
282.92 161.44 
282.32 161.05 
282.32 160.18 
282.26 160.14 
282.63 160.06 
282.64 159.17 
282.62 159.18 
282.48 159.92 
282.95 161.45 
282.90 161.43 
283.18 161.74 
282.65 161.24 
282.71 161.27 
282.19 160.69 
282.79 160.97 
282.73 160.84 
284.18 161.57 
283.64 161.36 
283.42 161.34 
282.37 160.53 
283.43 161.20 
283.32 161.17 
284.04 161.71 
284.18 161.91 
283.97 161.81 
283.72 162.01 
283.23 162.00 
283.21 162.04 
283.46 162.65 
283.73 162.56 
283.61 162.55 
283.87 161.70 
283.89 161.26 
283.78 161.23 
283.63 161.77 
283.75 162.66 
283.76 162.69 
284.09 162.02 
283.78 161.95 
283.73 161.91 
283.98 162.80 
285.21 163.92 
285.17 163.93 
285.25 164.01 
284.64 164.25 
284.67 164.27 
284.89 164.12 
284.97 164.16 
284.92 164.12 
285.66 165.12 
287.11 165.92 
287.07 165.88 
286.64 164.55 
285.93 163.25 
286.04 163.30 
286.09 163.15 
285.32 162.70 
285.18 162.60 
285.73 161.32 
284.52 160.88 
284.61 160.94 
283.74 161.29 
284.64 161.06 
284.63 161.06 
285.27 161.45 
285.04 162.70 
285.01 162.69 
287.28 164.56 
287.20 165.69 
287.27 165.74 
286.16 166.43 
287.36 167.57 
287.20 167.53 
287.43 167.48 
285.97 168.32 
285.88 168.28 
287.45 167.92 
285.55 165.95 
285.49 165.93 
284.98 165.49 
285.91 165.87 
285.84 165.89 
286.71 166.46 
286.52 166.19 
286.79 166.24 
286.54 165.60 
286.18 166.77 
285.97 166.63 
286.56 167.00 
286.47 167.19 
286.46 167.19 
286.26 167.02 
284.61 165.96 
284.63 166.06 
283.94 165.30 
283.36 164.69 
283.28 164.65 
284.24 165.31 
285.15 166.08 
285.33 166.10 
285.21 164.74 
286.16 164.13 
286.25 164.18 
284.81 163.23 
284.35 162.99 
284.99 163.17 
284.40 163.56 
284.66 163.54 
284.00 163.26 
283.78 162.63 
281.93 160.70 
282.12 160.73 
282.48 159.83 
284.53 161.16 
284.43 161.07 
284.27 160.80 
285.25 160.77 
285.31 160.85 
283.33 160.93 
284.14 161.05 
284.01 160.96 
284.79 160.45 
284.16 159.50 
284.25 159.42 
283.79 157.14 
282.39 155.27 
282.25 155.21 
283.16 158.34 
283.63 158.31 
283.88 158.38 
284.14 157.85 
283.98 158.07 
283.79 158.00 
283.07 158.09 
282.63 156.81 
282.65 156.78 
282.11 155.84 
282.49 155.36 
282.76 155.43 
282.58 155.24 
283.17 156.50 
283.44 156.57 
282.43 158.12 
283.11 159.38 
283.12 159.39 
283.69 159.38 
283.18 159.57 
283.07 159.52 
282.43 159.00 
283.05 159.62 
283.04 159.62 
282.97 159.42 
282.10 158.37 
282.08 158.43 
282.22 157.68 
282.64 157.83 
282.66 157.83 
284.03 159.59 
284.52 161.55 
284.29 161.42 
285.16 161.90 
285.27 161.45 
285.11 161.40 
285.18 161.57 
285.35 161.73 
285.28 161.73 
285.49 161.78 
286.32 162.58 
286.59 162.76 
287.18 163.21 
286.95 161.62 
287.14 161.75 
286.64 162.51 
287.16 163.22 
287.72 163.42 
286.51 161.44 
285.59 160.32 
285.29 160.22 
284.96 158.26 
284.41 158.19 
284.44 158.20 
284.56 159.33 
285.03 159.26 
285.20 159.35 
284.69 159.30 
284.05 158.88 
284.02 158.81 
284.67 160.10 
285.43 161.12 
285.33 161.11 
285.99 161.32 
286.12 162.05 
286.18 162.11 
286.75 163.46 
287.00 163.74 
287.07 163.73 
287.76 164.63 
287.16 164.64 
287.49 164.70 
287.13 163.62 
287.13 163.62 
287.13 163.62 
289.19 164.63 
290.07 166.71 
289.91 166.67 
290.78 166.72 
290.49 166.51 
290.39 166.51 
292.74 167.37 
292.84 166.42 
292.70 166.38 
292.89 165.66 
293.21 165.56 
293.15 165.54 
293.49 166.46 
294.17 167.47 
294.06 167.42 
294.28 166.69 
294.17 165.31 
294.21 165.32 
293.08 164.20 
293.90 165.30 
293.83 165.27 
293.96 165.46 
294.40 164.75 
294.21 164.68 
293.49 164.37 
293.36 163.27 
293.60 163.26 
294.30 164.37 
295.76 165.08 
296.00 165.22 
295.31 164.47 
295.14 164.47 
295.11 164.45 
295.90 166.22 
296.03 167.56 
295.78 167.43 
296.45 167.70 
295.23 164.00 
295.27 164.01 
295.14 163.10 
295.63 164.00 
295.65 164.02 
295.18 164.78 
296.05 165.62 
296.11 165.60 
295.87 166.13 
295.85 165.61 
295.99 165.57 
295.66 163.80 
295.54 163.80 
295.41 163.72 
295.23 164.65 
296.45 165.70 
296.47 165.71 
296.79 165.69 
297.23 165.82 
297.35 165.82 
297.61 165.70 
296.92 165.72 
297.07 165.77 
297.01 165.66 
296.86 166.33 
296.90 166.31 
296.99 166.83 
296.85 167.33 
296.76 167.33 
296.99 167.67 
298.24 168.04 
298.21 167.99 
297.42 168.69 
297.28 168.70 
297.50 168.71 
297.65 167.26 
297.71 167.10 
297.81 167.14 
297.62 168.37 
298.73 171.38 
298.71 171.38 
299.67 173.26 
299.55 173.94 
299.52 173.93 
298.74 173.76 
298.76 172.62 
298.70 172.57 
299.16 171.95 
298.90 171.79 
298.85 171.78 
299.48 171.87 
298.78 172.35 
298.78 172.35 
299.51 172.59 
299.55 172.57 
299.65 172.62 
298.81 172.24 
299.29 171.56 
299.30 171.56 
299.41 170.73 
299.04 170.55 
299.10 170.58 
298.90 171.46 
299.33 173.09 
299.33 173.09 
299.89 176.03 
298.71 177.12 
298.67 177.12 
298.05 176.85 
297.92 177.18 
297.91 177.17 
298.33 176.93 
296.84 175.74 
296.83 175.73 
297.02 176.38 
297.40 176.78 
297.40 176.79 
295.51 176.44 
295.16 175.76 
295.10 175.74 
292.76 173.38 
291.13 173.46 
291.10 173.45 
290.53 174.77 
288.32 172.95 
288.31 172.94 
286.50 170.54 
285.04 170.40 
285.04 170.39 
284.85 172.25 
285.41 173.73 
285.42 173.73 
289.76 177.63 
287.88 177.17 
287.87 177.17 
285.42 176.41 
285.70 177.95 
286.99 179.92 
286.98 179.91 
287.41 181.08 
286.92 181.04 
286.96 181.04 
284.86 180.12 
284.07 181.17 
284.06 181.16 
282.53 181.14 
281.45 180.12 
281.44 180.12 
279.75 179.00 
278.05 177.70 
278.02 177.69 
276.58 176.30 
273.23 174.10 
273.26 174.12 
269.62 171.08 
266.30 169.11 
266.27 169.09 
264.75 170.10 
264.22 169.38 
264.14 169.34 
261.98 169.11 
260.41 168.33 
260.41 168.33 
257.36 165.07 
273.39 171.92 
273.38 171.91 
272.26 172.50 
272.63 174.25 
272.65 174.26 
272.99 176.77 
273.17 175.49 
273.21 175.52 
271.30 173.11 
268.06 172.01 
268.05 172.01 
264.14 168.80 
260.49 170.28 
260.46 170.27 
258.40 171.37 
257.60 172.28 
257.61 172.27 
248.11 181.79 
243.44 185.83 
243.45 185.83 
236.72 191.03 
236.63 198.09 
236.63 198.10 
235.55 200.14 
236.87 200.65 
236.83 200.64 
250.47 195.73 
255.54 189.33 
255.54 189.33 
281.11 188.51 
283.14 183.27 
283.19 183.28 
282.28 184.18 
294.46 197.07 
294.44 197.06 
284.08 198.92 
285.53 202.59 
285.56 202.61 
285.58 205.27 
285.14 209.96 
285.17 209.96 
284.88 209.81 
271.86 197.29 
271.86 197.29 
260.76 188.88 
254.01 182.37 
253.84 182.32 
253.98 182.18 
254.34 181.73 
254.33 181.72 
255.17 179.43 
253.15 177.98 
253.15 177.98 
253.57 178.63 
254.72 179.57 
254.72 179.56 
254.44 179.99 
252.51 181.85 
252.52 181.86 
251.07 181.15 
249.41 175.88 
249.44 175.89 
247.75 171.33 
246.19 167.09 
246.23 167.08 
243.22 162.94 
239.53 159.97 
239.53 159.97 
236.41 160.12 
235.70 161.99 
235.59 161.95 
236.97 161.17 
237.39 161.04 
237.45 161.07 
237.52 162.23 
237.44 163.88 
237.44 163.88 
238.23 165.85 
238.95 166.46 
238.97 166.46 
240.62 168.16 
239.05 169.83 
239.05 169.83 
238.54 170.33 
239.31 170.99 
239.32 171.00 
242.60 168.81 
243.49 167.85 
