[[[277.0, 211.0]], [[409.0, 190.0]]]
[[[276.99884033203125, 210.99916076660156]], [[409.0, 190.0]]]
[[[280.8314208984375, 207.228515625]], [[408.5964050292969, 190.81045532226562]]]
[[[283.5926818847656, 205.51193237304688]], [[408.684326171875, 191.47923278808594]]]
[[[283.5937194824219, 205.5125732421875]], [[408.68536376953125, 191.47979736328125]]]
[[[282.408447265625, 210.66612243652344]], [[407.8298034667969, 193.0465545654297]]]
[[[282.4336242675781, 208.10601806640625]], [[408.2628479003906, 192.13943481445312]]]
[[[282.4300537109375, 208.1044464111328]], [[408.2449035644531, 192.13343811035156]]]
[[[283.3180236816406, 206.34170532226562]], [[409.4533996582031, 191.85128784179688]]]
[[[281.7503356933594, 209.35154724121094]], [[406.9957580566406, 192.94332885742188]]]
[[[281.7496643066406, 209.3507843017578]], [[407.00189208984375, 192.94761657714844]]]
[[[280.63671875, 207.1083984375]], [[407.48150634765625, 192.83389282226562]]]
[[[281.3473205566406, 205.41664123535156]], [[407.8692932128906, 193.12112426757812]]]
[[[281.345947265625, 205.4196014404297]], [[407.87255859375, 193.13284301757812]]]
[[[279.7934875488281, 207.7772674560547]], [[407.5408935546875, 193.86477661132812]]]
[[[279.9307556152344, 208.92041015625]], [[406.87811279296875, 194.34573364257812]]]
[[[279.93218994140625, 208.9200897216797]], [[406.8659973144531, 194.33082580566406]]]
[[[278.5201110839844, 208.53167724609375]], [[407.6852722167969, 194.2904052734375]]]
[[[278.0451354980469, 205.58815002441406]], [[406.9251403808594, 194.7301788330078]]]
[[[278.0466003417969, 205.58737182617188]], [[406.8771667480469, 194.73265075683594]]]
[[[277.2536315917969, 206.5126495361328]], [[406.9063415527344, 195.88131713867188]]]
[[[277.36962890625, 207.4766845703125]], [[406.9232482910156, 195.71859741210938]]]
[[[277.3783874511719, 207.46746826171875]], [[406.9996032714844, 195.740234375]]]
[[[277.47393798828125, 206.0478515625]], [[407.6844787597656, 195.2899169921875]]]
[[[278.16314697265625, 203.99708557128906]], [[406.92071533203125, 195.46070861816406]]]
[[[278.1512756347656, 203.987548828125]], [[406.9194030761719, 195.46104431152344]]]
[[[280.20306396484375, 203.05482482910156]], [[407.8057861328125, 195.07467651367188]]]
[[[279.26043701171875, 203.8748779296875]], [[407.9542236328125, 194.71942138671875]]]
[[[279.2485656738281, 203.86976623535156]], [[407.90948486328125, 194.79080200195312]]]
[[[279.2477722167969, 200.17080688476562]], [[407.9458923339844, 194.71490478515625]]]
[[[280.1706237792969, 201.79139709472656]], [[408.3450012207031, 195.43772888183594]]]
[[[280.18316650390625, 201.80474853515625]], [[408.4129943847656, 195.4673309326172]]]
[[[278.8369140625, 204.2516326904297]], [[409.6999816894531, 194.99900817871094]]]
[[[278.8198547363281, 204.48216247558594]], [[409.4600524902344, 194.58990478515625]]]
[[[278.821044921875, 204.4833526611328]], [[409.7022705078125, 194.68663024902344]]]
[[[277.4056701660156, 201.0150909423828]], [[408.6103210449219, 196.19842529296875]]]
[[[279.01568603515625, 199.66807556152344]], [[410.3618469238281, 194.96990966796875]]]
[[[279.0086364746094, 199.66444396972656]], [[410.36517333984375, 194.96681213378906]]]
[[[278.8872375488281, 196.44436645507812]], [[410.9014587402344, 195.98956298828125]]]
[[[279.4518127441406, 197.237060546875]], [[411.34869384765625, 195.1560516357422]]]
[[[279.440185546875, 197.24000549316406]], [[411.3670349121094, 195.1574249267578]]]
[[[279.598388671875, 199.55477905273438]], [[410.97821044921875, 196.09414672851562]]]
[[[279.9400329589844, 197.24746704101562]], [[411.2432861328125, 195.6036834716797]]]
[[[279.90838623046875, 197.23802185058594]], [[411.26861572265625, 195.62893676757812]]]
[[[280.1935729980469, 198.47283935546875]], [[412.4354248046875, 194.4623565673828]]]
[[[280.3143310546875, 197.4861297607422]], [[411.93121337890625, 195.31301879882812]]]
[[[280.3509521484375, 197.5303955078125]], [[411.9697570800781, 195.33367919921875]]]
[[[281.15283203125, 197.9347381591797]], [[412.3438720703125, 195.89395141601562]]]
[[[280.8870544433594, 198.21421813964844]], [[411.9000244140625, 196.35250854492188]]]
[[[280.8896484375, 198.2086944580078]], [[411.9106750488281, 196.35934448242188]]]
[[[280.7621765136719, 196.48155212402344]], [[411.7266845703125, 196.76858520507812]]]
[[[281.1477355957031, 196.0908966064453]], [[413.85272216796875, 194.92245483398438]]]
[[[281.1686706542969, 196.10105895996094]], [[413.86572265625, 194.92381286621094]]]
[[[281.10284423828125, 194.97767639160156]], [[412.2436218261719, 195.7086181640625]]]
[[[281.3203125, 195.26400756835938]], [[413.205078125, 195.3653564453125]]]
[[[281.41815185546875, 195.27688598632812]], [[413.23919677734375, 195.38783264160156]]]
[[[281.1861877441406, 198.60997009277344]], [[414.30694580078125, 194.17648315429688]]]
[[[281.6980285644531, 195.3752899169922]], [[415.3519592285156, 192.7030792236328]]]
[[[281.6520690917969, 195.33953857421875]], [[415.1955261230469, 192.62950134277344]]]
[[[281.5771789550781, 194.01181030273438]], [[414.8105773925781, 193.67027282714844]]]
[[[280.9446105957031, 195.93995666503906]], [[415.216796875, 192.76182556152344]]]
[[[281.0166931152344, 195.9691925048828]], [[415.1834411621094, 192.74197387695312]]]
[[[280.824462890625, 195.52342224121094]], [[415.9912109375, 190.4612579345703]]]
[[[280.84442138671875, 194.3227081298828]], [[415.9750671386719, 190.45216369628906]]]
[[[280.7945251464844, 194.30288696289062]], [[415.9234619140625, 190.41708374023438]]]
[[[280.197265625, 199.031005859375]], [[414.7957458496094, 191.25033569335938]]]
[[[281.47918701171875, 197.28372192382812]], [[415.8753662109375, 190.23236083984375]]]
[[[281.4728698730469, 197.2892608642578]], [[415.8565673828125, 190.22720336914062]]]
[[[281.61895751953125, 194.0574951171875]], [[415.9036560058594, 188.94992065429688]]]
[[[281.11334228515625, 194.41091918945312]], [[419.7940673828125, 191.4279327392578]]]
[[[281.2073669433594, 194.4438018798828]], [[419.8085021972656, 191.4187469482422]]]
[[[282.5975646972656, 190.6097412109375]], [[420.3828430175781, 191.40757751464844]]]
[[[283.73089599609375, 188.85609436035156]], [[420.78961181640625, 191.31491088867188]]]
[[[283.72943115234375, 188.8251190185547]], [[420.75933837890625, 191.2739715576172]]]
[[[281.63214111328125, 193.3332977294922]], [[420.0578918457031, 191.97137451171875]]]
[[[282.9207763671875, 193.0587921142578]], [[419.1974182128906, 192.59413146972656]]]
[[[282.92559814453125, 193.0648651123047]], [[419.1809997558594, 192.6341552734375]]]
[[[283.6086730957031, 192.8144073486328]], [[420.30645751953125, 191.92762756347656]]]
[[[283.9452209472656, 192.74020385742188]], [[419.1895446777344, 192.87753295898438]]]
[[[283.9681091308594, 192.7547607421875]], [[419.2163391113281, 192.8809051513672]]]
[[[284.3114318847656, 191.96334838867188]], [[419.05377197265625, 193.81402587890625]]]
[[[284.7936096191406, 195.08538818359375]], [[419.7151184082031, 192.83621215820312]]]
[[[284.8038024902344, 195.09568786621094]], [[419.75030517578125, 192.84814453125]]]
[[[285.97320556640625, 194.72930908203125]], [[419.346923828125, 193.47918701171875]]]
[[[285.89398193359375, 195.01071166992188]], [[418.8743896484375, 194.7360076904297]]]
[[[286.0251770019531, 195.08047485351562]], [[418.8909912109375, 194.74867248535156]]]
[[[288.1090393066406, 198.84963989257812]], [[419.9363708496094, 192.7308349609375]]]
[[[288.4985046386719, 199.54913330078125]], [[418.9096984863281, 194.74847412109375]]]
[[[288.52215576171875, 199.54115295410156]], [[418.9178466796875, 194.7645263671875]]]
[[[289.6283264160156, 198.07208251953125]], [[420.03570556640625, 192.95730590820312]]]
[[[290.5386047363281, 197.0902099609375]], [[419.4857482910156, 194.18386840820312]]]
[[[290.68115234375, 197.16062927246094]], [[419.493408203125, 194.1725616455078]]]
[[[290.08349609375, 197.18702697753906]], [[420.4798583984375, 192.62606811523438]]]
[[[292.5490417480469, 194.11976623535156]], [[420.76934814453125, 192.42994689941406]]]
[[[292.49090576171875, 194.09326171875]], [[420.74957275390625, 192.401123046875]]]
[[[292.2190856933594, 196.42355346679688]], [[420.49261474609375, 193.24972534179688]]]
[[[294.34210205078125, 196.7334747314453]], [[421.37109375, 191.63841247558594]]]
[[[294.26995849609375, 196.70413208007812]], [[421.27587890625, 191.5925750732422]]]
[[[296.9893798828125, 193.92103576660156]], [[421.6663513183594, 191.7462158203125]]]
[[[296.8669738769531, 194.03829956054688]], [[422.5073547363281, 190.45823669433594]]]
[[[296.81231689453125, 193.9864501953125]], [[422.4757080078125, 190.44662475585938]]]
[[[296.60205078125, 194.1621551513672]], [[422.360595703125, 190.1970977783203]]]
[[[297.1229248046875, 193.41583251953125]], [[422.17669677734375, 190.62811279296875]]]
[[[297.111572265625, 193.40438842773438]], [[422.1793212890625, 190.6210174560547]]]
[[[296.87799072265625, 192.2681121826172]], [[422.0865783691406, 190.3949737548828]]]
[[[298.7033386230469, 189.32571411132812]], [[420.42626953125, 191.1334991455078]]]
[[[298.74261474609375, 189.34532165527344]], [[420.4111022949219, 191.15292358398438]]]
[[[295.9062805175781, 192.24293518066406]], [[421.6365051269531, 190.2052459716797]]]
[[[294.3734436035156, 193.1534423828125]], [[418.6617736816406, 190.9378662109375]]]
[[[294.4042053222656, 193.14694213867188]], [[418.68096923828125, 190.9431915283203]]]
[[[291.85467529296875, 194.8015594482422]], [[418.3163146972656, 191.643798828125]]]
[[[288.7451171875, 203.6873779296875]], [[420.08587646484375, 189.29478454589844]]]
[[[288.7397766113281, 203.69740295410156]], [[420.0921936035156, 189.29881286621094]]]
[[[282.3719787597656, 205.4454803466797]], [[420.06475830078125, 189.43161010742188]]]
[[[280.3916015625, 206.9307403564453]], [[419.2867126464844, 189.7530975341797]]]
[[[280.3717956542969, 206.92214965820312]], [[419.301513671875, 189.75164794921875]]]
[[[272.244384765625, 207.8547821044922]], [[419.69879150390625, 189.5270233154297]]]
[[[272.61334228515625, 207.6243133544922]], [[419.2891540527344, 189.71038818359375]]]
[[[272.6484375, 207.6218719482422]], [[419.266845703125, 189.69732666015625]]]
[[[282.2759094238281, 206.31991577148438]], [[421.7921142578125, 186.67572021484375]]]
[[[284.8188781738281, 204.51986694335938]], [[421.6622619628906, 187.9010009765625]]]
[[[284.8581237792969, 204.5209197998047]], [[421.6791076660156, 187.89231872558594]]]
[[[287.2637634277344, 198.4489288330078]], [[421.3634338378906, 187.35292053222656]]]
[[[286.65240478515625, 201.2886199951172]], [[421.5553894042969, 186.81997680664062]]]
[[[286.6810302734375, 201.30142211914062]], [[421.5634765625, 186.81369018554688]]]
[[[289.56341552734375, 207.7230682373047]], [[421.50128173828125, 187.09559631347656]]]
[[[292.8967590332031, 203.32928466796875]], [[421.6050720214844, 187.08448791503906]]]
[[[292.8948669433594, 203.30160522460938]], [[421.5934753417969, 187.0872802734375]]]
[[[293.66033935546875, 201.0551300048828]], [[420.9586181640625, 187.51296997070312]]]
[[[295.5833435058594, 203.17303466796875]], [[421.1869812011719, 188.07777404785156]]]
[[[295.563232421875, 203.17025756835938]], [[421.1871643066406, 188.0870819091797]]]
[[[298.1496887207031, 202.96505737304688]], [[421.30950927734375, 187.88018798828125]]]
[[[298.37933349609375, 201.5603485107422]], [[421.575927734375, 187.19952392578125]]]
[[[298.3853759765625, 201.56105041503906]], [[421.5768127441406, 187.1963348388672]]]
[[[297.80023193359375, 200.2434539794922]], [[421.0266418457031, 187.89952087402344]]]
[[[298.042724609375, 199.7946319580078]], [[421.4110107421875, 187.39878845214844]]]
[[[298.0633544921875, 199.79611206054688]], [[421.40386962890625, 187.39065551757812]]]
[[[297.8804626464844, 197.2642822265625]], [[421.1669921875, 187.82077026367188]]]
[[[298.3109436035156, 198.17532348632812]], [[421.09295654296875, 187.78497314453125]]]
[[[298.3089599609375, 198.15977478027344]], [[421.06231689453125, 187.7777557373047]]]
[[[299.06829833984375, 196.6153106689453]], [[421.7122497558594, 187.35598754882812]]]
[[[297.8047790527344, 195.51016235351562]], [[421.81988525390625, 186.79928588867188]]]
[[[297.81549072265625, 195.5042724609375]], [[421.80316162109375, 186.79312133789062]]]
[[[296.7503967285156, 195.61505126953125]], [[421.57733154296875, 187.36463928222656]]]
[[[294.71514892578125, 194.60939025878906]], [[421.27069091796875, 187.30511474609375]]]
[[[294.7626647949219, 194.6171417236328]], [[421.2532958984375, 187.30162048339844]]]
[[[292.1351013183594, 191.74769592285156]], [[421.6143798828125, 187.03053283691406]]]
[[[289.09466552734375, 193.6096649169922]], [[421.2240295410156, 187.29483032226562]]]
[[[289.1958312988281, 193.617431640625]], [[421.2187805175781, 187.2904815673828]]]
[[[289.3753356933594, 193.6867218017578]], [[421.2196044921875, 187.64718627929688]]]
[[[287.5279846191406, 187.56884765625]], [[421.2414245605469, 187.3590850830078]]]
[[[287.4980773925781, 187.58119201660156]], [[421.2548522949219, 187.36451721191406]]]
[[[289.6275329589844, 196.80233764648438]], [[421.1318664550781, 187.69180297851562]]]
[[[290.9114074707031, 199.9197235107422]], [[421.593994140625, 187.2235565185547]]]
[[[290.9395751953125, 199.9252471923828]], [[421.58343505859375, 187.2166748046875]]]
[[[291.914306640625, 193.64418029785156]], [[421.52105712890625, 186.87271118164062]]]
[[[290.35797119140625, 202.94134521484375]], [[421.08837890625, 187.6289825439453]]]
[[[290.33935546875, 202.94393920898438]], [[421.07879638671875, 187.62368774414062]]]
[[[289.6539001464844, 202.1608428955078]], [[422.5029602050781, 185.6904296875]]]
[[[287.3183288574219, 202.94532775878906]], [[420.5967712402344, 187.73304748535156]]]
[[[287.334228515625, 202.9480438232422]], [[420.591796875, 187.7281036376953]]]
[[[284.66900634765625, 204.1060028076172]], [[421.1149597167969, 187.5698699951172]]]
[[[284.44403076171875, 203.5796661376953]], [[422.5086364746094, 185.2891082763672]]]
[[[284.4315185546875, 203.57687377929688]], [[422.5240783691406, 185.2824249267578]]]
[[[283.6421813964844, 203.26817321777344]], [[422.38079833984375, 185.5856475830078]]]
[[[281.92724609375, 201.05154418945312]], [[422.70294189453125, 185.1059112548828]]]
[[[281.94134521484375, 201.04750061035156]], [[422.6738586425781, 185.0953826904297]]]
[[[281.3632507324219, 201.79283142089844]], [[422.8298034667969, 185.38771057128906]]]
[[[277.85198974609375, 202.28550720214844]], [[422.82366943359375, 185.38978576660156]]]
[[[277.864013671875, 202.29302978515625]], [[422.81268310546875, 185.38922119140625]]]
[[[276.0277404785156, 198.2144317626953]], [[422.6454772949219, 185.33445739746094]]]
[[[275.97174072265625, 201.8335418701172]], [[423.1595764160156, 184.19964599609375]]]
[[[275.97698974609375, 201.84112548828125]], [[423.1687316894531, 184.20338439941406]]]
[[[283.57208251953125, 207.93096923828125]], [[423.1209411621094, 185.2182159423828]]]
[[[282.0074462890625, 201.191650390625]], [[423.0731506347656, 185.22560119628906]]]
[[[282.0439147949219, 201.1876220703125]], [[423.06976318359375, 185.23004150390625]]]
[[[287.1298828125, 199.30796813964844]], [[423.235107421875, 184.7174835205078]]]
[[[287.8373718261719, 198.94415283203125]], [[423.0744934082031, 185.50265502929688]]]
[[[287.8406677246094, 198.93978881835938]], [[423.08056640625, 185.50704956054688]]]
[[[288.1991882324219, 203.96945190429688]], [[423.3432312011719, 185.1717987060547]]]
[[[289.02374267578125, 208.84474182128906]], [[423.8661193847656, 184.28262329101562]]]
[[[289.0088195800781, 208.83657836914062]], [[423.846435546875, 184.2765655517578]]]
[[[288.49981689453125, 210.37420654296875]], [[424.0741882324219, 183.61184692382812]]]
[[[288.6519470214844, 210.3168487548828]], [[423.9959716796875, 184.4851531982422]]]
[[[288.6363220214844, 210.32212829589844]], [[423.9729309082031, 184.47499084472656]]]
[[[286.2061462402344, 205.13938903808594]], [[423.86907958984375, 184.21104431152344]]]
[[[285.3897705078125, 199.7568359375]], [[423.2792663574219, 184.48838806152344]]]
[[[285.4591979980469, 199.77615356445312]], [[423.27471923828125, 184.48062133789062]]]
[[[282.9447021484375, 202.7501678466797]], [[423.60943603515625, 183.94140625]]]
[[[282.6099548339844, 202.7271270751953]], [[423.3197937011719, 184.71206665039062]]]
[[[282.5962219238281, 202.72003173828125]], [[423.332275390625, 184.71250915527344]]]
[[[283.163330078125, 202.4585418701172]], [[423.37384033203125, 186.29212951660156]]]
[[[283.8099060058594, 202.41128540039062]], [[423.82537841796875, 185.0684814453125]]]
[[[283.8254089355469, 202.40797424316406]], [[423.82208251953125, 185.05162048339844]]]
[[[284.4446105957031, 205.75950622558594]], [[424.33770751953125, 184.94625854492188]]]
[[[284.1844177246094, 204.50701904296875]], [[424.3089904785156, 184.8704071044922]]]
[[[283.95355224609375, 204.85675048828125]], [[423.988525390625, 185.32177734375]]]
[[[283.95709228515625, 204.86949157714844]], [[423.9856872558594, 185.3260955810547]]]
[[[284.7888488769531, 204.9877166748047]], [[424.9277648925781, 184.5577850341797]]]
[[[285.0382080078125, 200.42864990234375]], [[424.22564697265625, 185.03585815429688]]]
[[[285.1255798339844, 200.46539306640625]], [[424.23443603515625, 185.0428466796875]]]
[[[284.6339416503906, 201.78103637695312]], [[424.1490173339844, 185.23910522460938]]]
[[[285.3832092285156, 200.95640563964844]], [[424.9331970214844, 184.63002014160156]]]
[[[285.3970031738281, 200.96505737304688]], [[424.93524169921875, 184.62986755371094]]]
[[[286.1443176269531, 199.94190979003906]], [[424.3302917480469, 185.479248046875]]]
[[[286.58563232421875, 196.08677673339844]], [[424.37188720703125, 185.32809448242188]]]
[[[286.6197509765625, 196.0831756591797]], [[424.3752746582031, 185.3372039794922]]]
[[[287.86859130859375, 194.37921142578125]], [[423.8354187011719, 185.79017639160156]]]
[[[286.61993408203125, 200.46331787109375]], [[424.1461486816406, 185.96051025390625]]]
[[[286.62506103515625, 200.46702575683594]], [[424.1453857421875, 185.96224975585938]]]
[[[287.1181335449219, 200.58236694335938]], [[424.23077392578125, 186.3011474609375]]]
[[[289.1473388671875, 197.30398559570312]], [[423.72344970703125, 185.9359893798828]]]
[[[289.1343688964844, 197.29432678222656]], [[423.72265625, 185.9365997314453]]]
[[[288.7784118652344, 201.25436401367188]], [[424.20001220703125, 186.49851989746094]]]
[[[290.36431884765625, 200.98985290527344]], [[423.6685791015625, 186.9213409423828]]]
[[[290.39459228515625, 200.99501037597656]], [[423.6626281738281, 186.91259765625]]]
[[[290.5874328613281, 204.8671875]], [[424.08782958984375, 186.64498901367188]]]
[[[291.5437927246094, 201.8249969482422]], [[424.49658203125, 186.21693420410156]]]
[[[291.54901123046875, 201.82684326171875]], [[424.5146484375, 186.2264862060547]]]
[[[293.45367431640625, 198.8743133544922]], [[424.6306457519531, 189.01220703125]]]
[[[292.0292053222656, 202.87095642089844]], [[425.2568359375, 189.38682556152344]]]
[[[292.0094909667969, 202.88026428222656]], [[425.262451171875, 189.3884735107422]]]
[[[291.09954833984375, 204.1830596923828]], [[426.37890625, 187.51589965820312]]]
[[[291.6325378417969, 206.0200958251953]], [[425.4219055175781, 188.6509552001953]]]
[[[291.62158203125, 206.0181121826172]], [[425.4180603027344, 188.65052795410156]]]
[[[290.4005432128906, 206.0413055419922]], [[426.01214599609375, 187.97166442871094]]]
[[[292.2697448730469, 202.36656188964844]], [[425.53631591796875, 188.2978057861328]]]
[[[292.193359375, 202.3328399658203]], [[425.53070068359375, 188.3026123046875]]]
[[[280.6810607910156, 201.91888427734375]], [[425.99981689453125, 185.58871459960938]]]
[[[280.9975891113281, 197.43629455566406]], [[425.97601318359375, 185.8922576904297]]]
[[[280.9910583496094, 197.4340057373047]], [[425.97711181640625, 185.89305114746094]]]
[[[281.62554931640625, 198.47410583496094]], [[425.69256591796875, 186.60418701171875]]]
[[[282.8230285644531, 198.83326721191406]], [[426.4343566894531, 184.52151489257812]]]
[[[282.7912902832031, 198.81552124023438]], [[426.42755126953125, 184.515625]]]
[[[285.503662109375, 198.1865692138672]], [[426.0137023925781, 184.7066650390625]]]
[[[285.1185607910156, 200.3150177001953]], [[425.91802978515625, 185.0509796142578]]]
[[[285.1410217285156, 200.3169708251953]], [[425.9223327636719, 185.05262756347656]]]
[[[287.7574768066406, 199.7755889892578]], [[426.17803955078125, 184.29428100585938]]]
[[[287.5808410644531, 202.19386291503906]], [[426.4497375488281, 182.83535766601562]]]
[[[287.54559326171875, 202.1744842529297]], [[426.46282958984375, 182.8425750732422]]]
[[[287.6355285644531, 201.2720184326172]], [[426.65216064453125, 183.0204315185547]]]
[[[290.0894775390625, 198.82278442382812]], [[426.418701171875, 182.5135040283203]]]
[[[290.099853515625, 198.82859802246094]], [[426.4023132324219, 182.50277709960938]]]
[[[289.87469482421875, 201.8653564453125]], [[427.9839782714844, 179.6678009033203]]]
[[[288.33740234375, 203.06907653808594]], [[427.01220703125, 181.49502563476562]]]
[[[288.3387756347656, 203.0630340576172]], [[427.00732421875, 181.4983673095703]]]
[[[290.330322265625, 201.18215942382812]], [[426.4192810058594, 181.8451690673828]]]
[[[291.0487976074219, 200.8889617919922]], [[427.1134948730469, 180.3360137939453]]]
[[[291.0447998046875, 200.88665771484375]], [[427.1268005371094, 180.341064453125]]]
[[[290.3193359375, 200.88343811035156]], [[426.9925842285156, 181.90988159179688]]]
[[[290.15606689453125, 202.8957977294922]], [[427.6806640625, 180.44924926757812]]]
[[[290.18145751953125, 202.9051055908203]], [[427.69879150390625, 180.45472717285156]]]
[[[290.0631408691406, 205.37789916992188]], [[427.5288391113281, 180.1072540283203]]]
[[[289.931396484375, 203.50820922851562]], [[427.9067077636719, 179.8936309814453]]]
[[[289.95599365234375, 203.5125732421875]], [[427.9092102050781, 179.86346435546875]]]
[[[290.81817626953125, 203.45323181152344]], [[428.0320739746094, 179.43377685546875]]]
[[[291.5335693359375, 205.08901977539062]], [[427.8577880859375, 179.95660400390625]]]
[[[291.54071044921875, 205.094482421875]], [[427.8573913574219, 179.95660400390625]]]
[[[291.49188232421875, 206.11805725097656]], [[427.8977355957031, 179.8430938720703]]]
[[[293.4950256347656, 204.9765167236328]], [[428.5974426269531, 179.02923583984375]]]
[[[293.49981689453125, 204.98056030273438]], [[428.59326171875, 179.02853393554688]]]
[[[292.9518127441406, 204.7455596923828]], [[427.8557434082031, 178.9339599609375]]]
[[[293.80352783203125, 205.00901794433594]], [[428.20538330078125, 178.770751953125]]]
[[[293.8086853027344, 205.01097106933594]], [[428.1677551269531, 178.73541259765625]]]
[[[294.8491516113281, 204.58056640625]], [[428.29656982421875, 179.2736053466797]]]
[[[294.1185302734375, 205.5645294189453]], [[428.38214111328125, 179.3219451904297]]]
[[[294.113525390625, 205.56021118164062]], [[428.3780822753906, 179.3135528564453]]]
[[[297.3453674316406, 204.59881591796875]], [[429.26739501953125, 178.03968811035156]]]
[[[298.9850769042969, 203.50344848632812]], [[428.50750732421875, 178.72279357910156]]]
[[[298.98980712890625, 203.4937744140625]], [[428.5198059082031, 178.72283935546875]]]
[[[297.3808288574219, 205.00135803222656]], [[429.45770263671875, 177.37637329101562]]]
[[[299.33697509765625, 204.57171630859375]], [[429.3466491699219, 177.44927978515625]]]
[[[299.3285217285156, 204.5665740966797]], [[429.35150146484375, 177.45140075683594]]]
[[[302.55047607421875, 203.22418212890625]], [[428.9562683105469, 178.10536193847656]]]
[[[301.08697509765625, 204.29205322265625]], [[429.47235107421875, 177.63900756835938]]]
[[[301.08111572265625, 204.28884887695312]], [[429.44097900390625, 177.6165771484375]]]
[[[300.5172119140625, 203.95669555664062]], [[428.4195251464844, 177.5861358642578]]]
[[[300.3148193359375, 204.5187225341797]], [[428.412353515625, 177.5885467529297]]]
[[[300.3302001953125, 204.52096557617188]], [[428.4140625, 177.59097290039062]]]
[[[300.15411376953125, 206.97511291503906]], [[428.66619873046875, 178.51904296875]]]
[[[301.5392150878906, 205.87832641601562]], [[428.18157958984375, 178.725341796875]]]
[[[301.533203125, 205.86111450195312]], [[428.1820068359375, 178.72373962402344]]]
[[[302.65472412109375, 208.21351623535156]], [[429.6006774902344, 177.42007446289062]]]
[[[302.2338562011719, 205.2526092529297]], [[430.1399230957031, 176.41668701171875]]]
[[[302.2219543457031, 205.24945068359375]], [[430.1202087402344, 176.4134063720703]]]
[[[302.6562194824219, 205.07843017578125]], [[429.8380126953125, 177.8243865966797]]]
[[[301.9037170410156, 206.75865173339844]], [[430.1016540527344, 177.56385803222656]]]
[[[301.9226379394531, 206.7617645263672]], [[430.1019287109375, 177.56784057617188]]]
[[[301.5727844238281, 207.2341766357422]], [[430.6199645996094, 176.1022491455078]]]
[[[302.3617248535156, 205.21974182128906]], [[430.1230773925781, 177.8855438232422]]]
[[[302.349853515625, 205.2156219482422]], [[430.12335205078125, 177.88455200195312]]]
[[[303.17279052734375, 203.32090759277344]], [[430.3338317871094, 177.78634643554688]]]
[[[304.448486328125, 204.50637817382812]], [[430.7434387207031, 177.97793579101562]]]
[[[304.3934020996094, 204.49058532714844]], [[431.0303039550781, 178.08108520507812]]]
[[[303.9701843261719, 204.086669921875]], [[431.4388427734375, 177.36874389648438]]]
[[[304.0467834472656, 204.3174591064453]], [[431.9863586425781, 177.32041931152344]]]
[[[304.04791259765625, 204.31861877441406]], [[432.00885009765625, 177.33187866210938]]]
[[[316.8078308105469, 205.3631134033203]], [[431.32281494140625, 178.68716430664062]]]
[[[314.72637939453125, 201.12803649902344]], [[432.01348876953125, 177.59854125976562]]]
[[[314.7313537597656, 201.13072204589844]], [[432.0035400390625, 177.58303833007812]]]
[[[314.4753112792969, 202.1786346435547]], [[431.4046630859375, 178.1575927734375]]]
[[[314.7130126953125, 205.5166778564453]], [[431.8583068847656, 177.6636962890625]]]
[[[314.7140197753906, 205.5172882080078]], [[431.8069152832031, 177.65321350097656]]]
[[[315.28704833984375, 205.1608428955078]], [[431.731201171875, 177.46408081054688]]]
[[[315.101318359375, 203.77130126953125]], [[431.7019348144531, 177.2252655029297]]]
[[[315.1094970703125, 203.76983642578125]], [[431.6950378417969, 177.23016357421875]]]
[[[313.4577331542969, 205.22515869140625]], [[431.15228271484375, 178.45849609375]]]
[[[316.4977111816406, 210.77569580078125]], [[431.8722229003906, 177.550537109375]]]
[[[316.49688720703125, 210.77572631835938]], [[431.87628173828125, 177.55535888671875]]]
[[[315.3869323730469, 210.676025390625]], [[431.5923156738281, 177.75184631347656]]]
[[[313.5870666503906, 210.69256591796875]], [[430.4285583496094, 179.48118591308594]]]
[[[313.6029968261719, 210.70079040527344]], [[430.4285888671875, 179.48243713378906]]]
[[[313.677734375, 210.28855895996094]], [[431.33978271484375, 178.80123901367188]]]
[[[314.58349609375, 210.2530975341797]], [[431.5690612792969, 177.7346954345703]]]
[[[314.59649658203125, 210.25830078125]], [[431.56536865234375, 177.7322998046875]]]
[[[316.0814208984375, 205.64759826660156]], [[431.03057861328125, 178.98594665527344]]]
[[[315.0196228027344, 206.91232299804688]], [[432.2779235839844, 176.92098999023438]]]
[[[315.0290222167969, 206.9158935546875]], [[432.2528076171875, 176.90740966796875]]]
[[[320.1285095214844, 210.4916229248047]], [[431.7704772949219, 177.04873657226562]]]
[[[320.4410400390625, 207.7271728515625]], [[431.8583679199219, 177.62490844726562]]]
[[[320.43975830078125, 207.72439575195312]], [[431.8649597167969, 177.6254425048828]]]
[[[317.6083679199219, 209.62789916992188]], [[432.4559020996094, 176.4226531982422]]]
[[[322.8587341308594, 213.98751831054688]], [[432.69781494140625, 176.3522491455078]]]
[[[322.84014892578125, 213.98477172851562]], [[432.68634033203125, 176.3557586669922]]]
[[[322.6275634765625, 210.47222900390625]], [[431.69390869140625, 177.4764862060547]]]
[[[320.0260009765625, 209.42001342773438]], [[431.21234130859375, 175.35867309570312]]]
[[[319.9985656738281, 209.4180908203125]], [[431.203369140625, 175.3582305908203]]]
[[[319.0723876953125, 203.65274047851562]], [[430.76092529296875, 175.4165802001953]]]
[[[320.22344970703125, 204.7032470703125]], [[430.060791015625, 176.88031005859375]]]
[[[320.22021484375, 204.69081115722656]], [[430.04315185546875, 176.8684539794922]]]
[[[321.77398681640625, 203.76376342773438]], [[430.22882080078125, 175.25546264648438]]]
[[[320.7288513183594, 204.9241943359375]], [[429.48834228515625, 176.26364135742188]]]
[[[320.7283630371094, 204.9258270263672]], [[429.4886474609375, 176.2638702392578]]]
[[[324.017333984375, 210.4040985107422]], [[429.938720703125, 175.0457000732422]]]
[[[322.0399169921875, 208.32220458984375]], [[428.76409912109375, 176.0135040283203]]]
[[[322.05828857421875, 208.32960510253906]], [[428.7640686035156, 176.01158142089844]]]
[[[320.2907409667969, 209.1894073486328]], [[427.92913818359375, 176.37472534179688]]]
[[[322.4913330078125, 209.80604553222656]], [[428.0724792480469, 174.5491180419922]]]
[[[322.5199890136719, 209.81434631347656]], [[428.05419921875, 174.5414276123047]]]
[[[320.1885070800781, 209.8452606201172]], [[427.2197570800781, 176.01483154296875]]]
[[[322.1639404296875, 208.8224639892578]], [[427.6694030761719, 174.4430389404297]]]
[[[322.16986083984375, 208.82125854492188]], [[427.6723937988281, 174.44346618652344]]]
[[[321.7766418457031, 207.006591796875]], [[426.5740051269531, 174.88665771484375]]]
[[[320.8262023925781, 208.8005828857422]], [[424.13232421875, 178.6831512451172]]]
[[[320.7823486328125, 208.77301025390625]], [[424.1407775878906, 178.6984405517578]]]
[[[321.2599792480469, 208.44297790527344]], [[421.52471923828125, 178.29490661621094]]]
[[[319.7606506347656, 210.12998962402344]], [[418.9620056152344, 181.8498992919922]]]
[[[319.7764587402344, 210.13992309570312]], [[418.9432067871094, 181.869384765625]]]
[[[320.29083251953125, 205.74502563476562]], [[419.89434814453125, 180.8215789794922]]]
[[[320.29180908203125, 206.22486877441406]], [[419.2937927246094, 180.652587890625]]]
[[[320.2943115234375, 206.22584533691406]], [[419.2675476074219, 180.65231323242188]]]
[[[320.1123352050781, 211.8784942626953]], [[417.3319091796875, 183.40992736816406]]]
[[[321.21661376953125, 209.9998779296875]], [[419.1236877441406, 181.5172119140625]]]
[[[321.1986389160156, 209.98928833007812]], [[419.1302185058594, 181.51824951171875]]]
[[[323.1033020019531, 208.3716278076172]], [[419.4088134765625, 180.66761779785156]]]
[[[320.7682189941406, 209.6734619140625]], [[417.3152160644531, 184.16458129882812]]]
[[[320.7608642578125, 209.67913818359375]], [[417.3196716308594, 184.1671600341797]]]
[[[318.21240234375, 210.05577087402344]], [[418.12701416015625, 183.05406188964844]]]
[[[318.5272216796875, 216.0092010498047]], [[418.8907165527344, 182.13368225097656]]]
[[[318.5225524902344, 216.00791931152344]], [[418.87847900390625, 182.1233367919922]]]
[[[318.376220703125, 214.91647338867188]], [[419.4958190917969, 181.5565185546875]]]
[[[318.3353576660156, 214.16339111328125]], [[417.7826232910156, 184.08163452148438]]]
[[[318.3305358886719, 214.1663818359375]], [[417.788330078125, 184.07945251464844]]]
[[[318.8336181640625, 213.02951049804688]], [[419.6687927246094, 181.85740661621094]]]
[[[319.3085632324219, 212.2925262451172]], [[419.9329833984375, 181.27626037597656]]]
[[[319.3240661621094, 212.29429626464844]], [[419.8964538574219, 181.26947021484375]]]
[[[319.6994934082031, 215.20523071289062]], [[418.83251953125, 182.36793518066406]]]
[[[318.8996276855469, 215.29861450195312]], [[419.39593505859375, 180.84896850585938]]]
[[[318.97406005859375, 215.3308563232422]], [[419.4322204589844, 180.85911560058594]]]
[[[319.2117614746094, 217.20465087890625]], [[418.17864990234375, 181.19273376464844]]]
[[[301.6151123046875, 202.4224395751953]], [[409.1816711425781, 187.82850646972656]]]
[[[301.6044006347656, 202.41500854492188]], [[409.1811828613281, 187.82887268066406]]]
[[[304.3027038574219, 199.4422149658203]], [[409.1512145996094, 188.15528869628906]]]
[[[303.36077880859375, 200.82237243652344]], [[412.8740234375, 185.856689453125]]]
[[[303.3443298339844, 200.82223510742188]], [[412.87646484375, 185.8524627685547]]]
[[[304.5487365722656, 199.7716522216797]], [[407.7971496582031, 191.94631958007812]]]
[[[304.2099609375, 200.86692810058594]], [[410.4814147949219, 188.2599639892578]]]
[[[304.2146301269531, 200.87022399902344]], [[410.5005798339844, 188.27687072753906]]]
[[[304.2784118652344, 200.77821350097656]], [[407.3135070800781, 189.13169860839844]]]
[[[305.1164245605469, 197.21568298339844]], [[405.54010009765625, 191.9547576904297]]]
[[[305.1183776855469, 197.2143096923828]], [[405.5301818847656, 191.95294189453125]]]
[[[304.41510009765625, 199.1259002685547]], [[406.42657470703125, 190.91290283203125]]]
[[[302.1319274902344, 201.893798828125]], [[405.488525390625, 191.55422973632812]]]
[[[302.1715393066406, 201.9036102294922]], [[405.4961242675781, 191.55682373046875]]]
[[[303.75408935546875, 201.06922912597656]], [[403.2005920410156, 193.01683044433594]]]
[[[303.81695556640625, 200.4170684814453]], [[406.2967529296875, 189.13272094726562]]]
[[[303.799072265625, 200.408935546875]], [[406.29998779296875, 189.12522888183594]]]
[[[300.7374267578125, 202.74270629882812]], [[405.468994140625, 188.21356201171875]]]
[[[300.4580078125, 203.71438598632812]], [[408.30731201171875, 186.2323455810547]]]
[[[300.4488525390625, 203.70985412597656]], [[408.3248291015625, 186.25360107421875]]]
[[[300.3744201660156, 203.77783203125]], [[408.1495361328125, 185.39865112304688]]]
[[[299.9813232421875, 203.93280029296875]], [[407.7189025878906, 185.78094482421875]]]
[[[299.9858093261719, 203.9344482421875]], [[407.71783447265625, 185.77597045898438]]]
[[[300.2914123535156, 204.1190948486328]], [[407.6965637207031, 185.69371032714844]]]
[[[303.1957702636719, 199.53692626953125]], [[405.00225830078125, 188.208740234375]]]
[[[303.2107849121094, 199.54600524902344]], [[405.019775390625, 188.22422790527344]]]
[[[301.7105407714844, 200.42135620117188]], [[405.2608642578125, 188.23155212402344]]]
[[[300.6581115722656, 203.80108642578125]], [[404.7606201171875, 188.13111877441406]]]
[[[300.6561279296875, 203.7999725341797]], [[404.7831726074219, 188.1383819580078]]]
[[[302.7059631347656, 200.66647338867188]], [[402.9599609375, 189.16648864746094]]]
[[[301.2454833984375, 202.59214782714844]], [[403.2566223144531, 190.39569091796875]]]
[[[301.2381286621094, 202.5936279296875]], [[403.249267578125, 190.3990936279297]]]
[[[303.0404357910156, 199.6228790283203]], [[402.80120849609375, 191.16209411621094]]]
[[[304.2236633300781, 198.01446533203125]], [[405.1951599121094, 190.69671630859375]]]
[[[304.20343017578125, 197.998046875]], [[405.22210693359375, 190.70526123046875]]]
[[[302.2290954589844, 201.08514404296875]], [[403.8266296386719, 191.279296875]]]
[[[302.0395202636719, 201.5440673828125]], [[404.61309814453125, 191.38124084472656]]]
[[[302.0113220214844, 201.54774475097656]], [[404.57403564453125, 191.36016845703125]]]
[[[304.0564880371094, 199.50221252441406]], [[403.97479248046875, 192.09188842773438]]]
[[[303.4202880859375, 200.42471313476562]], [[402.48809814453125, 193.7751922607422]]]
[[[303.4195861816406, 200.4243621826172]], [[402.5380859375, 193.78732299804688]]]
[[[301.9211120605469, 202.32273864746094]], [[405.13037109375, 192.2097625732422]]]
[[[302.673828125, 201.6011505126953]], [[403.649658203125, 193.5635528564453]]]
[[[302.68695068359375, 201.5994873046875]], [[403.62969970703125, 193.56285095214844]]]
[[[303.7890625, 199.7907257080078]], [[402.7079772949219, 196.1936798095703]]]
[[[302.8988952636719, 200.90707397460938]], [[403.0410461425781, 195.86575317382812]]]
[[[302.89593505859375, 200.9046630859375]], [[402.9744873046875, 195.82151794433594]]]
[[[302.8634033203125, 201.59786987304688]], [[401.6050109863281, 199.46896362304688]]]
[[[302.8596496582031, 201.36932373046875]], [[402.65350341796875, 198.6658935546875]]]
[[[302.8707580566406, 201.37020874023438]], [[402.65069580078125, 198.66212463378906]]]
[[[301.439208984375, 203.34378051757812]], [[402.2799072265625, 198.4163818359375]]]
[[[301.6360778808594, 203.17642211914062]], [[401.50384521484375, 199.32333374023438]]]
[[[301.6394348144531, 203.1787567138672]], [[401.52044677734375, 199.33351135253906]]]
[[[303.0597229003906, 201.23574829101562]], [[402.8712463378906, 198.76185607910156]]]
[[[302.7803955078125, 201.24444580078125]], [[401.3384704589844, 198.7805633544922]]]
[[[302.7877197265625, 201.2418670654297]], [[401.34014892578125, 198.78115844726562]]]
[[[302.7562255859375, 201.71853637695312]], [[401.0629577636719, 200.13674926757812]]]
[[[302.2803039550781, 202.1239471435547]], [[400.78717041015625, 201.59390258789062]]]
[[[302.27752685546875, 202.12254333496094]], [[400.7935791015625, 201.59707641601562]]]
[[[302.6189880371094, 201.773193359375]], [[400.3261413574219, 201.1988525390625]]]
[[[302.47308349609375, 201.8304443359375]], [[399.9886169433594, 200.2886199951172]]]
[[[302.4638671875, 201.82589721679688]], [[399.9884948730469, 200.28688049316406]]]
[[[304.4790344238281, 200.10562133789062]], [[401.6140441894531, 199.06036376953125]]]
[[[304.9588317871094, 198.9716033935547]], [[401.61260986328125, 198.18002319335938]]]
[[[304.95074462890625, 198.96710205078125]], [[401.5862121582031, 198.171875]]]
[[[304.6470947265625, 200.80517578125]], [[399.83819580078125, 199.81707763671875]]]
[[[306.0693054199219, 197.64553833007812]], [[400.0198059082031, 199.50750732421875]]]
[[[306.0840148925781, 197.64926147460938]], [[400.0362548828125, 199.52000427246094]]]
[[[305.6191711425781, 199.7476806640625]], [[399.4898986816406, 199.7794189453125]]]
[[[305.3057861328125, 202.1762237548828]], [[398.60919189453125, 201.7017059326172]]]
[[[305.3049011230469, 202.1754608154297]], [[398.6582946777344, 201.716796875]]]
[[[305.615966796875, 200.08477783203125]], [[398.58941650390625, 203.03004455566406]]]
[[[305.53955078125, 199.6170654296875]], [[397.2096252441406, 202.98599243164062]]]
[[[305.5003967285156, 199.59796142578125]], [[397.215087890625, 202.98887634277344]]]
[[[305.70123291015625, 199.7261199951172]], [[396.3484802246094, 202.91793823242188]]]
[[[305.9510498046875, 197.0714111328125]], [[395.6012268066406, 202.30810546875]]]
[[[305.9676513671875, 197.07652282714844]], [[395.6011657714844, 202.30810546875]]]
[[[305.7787780761719, 200.1274871826172]], [[394.8637390136719, 205.0717010498047]]]
[[[305.7036437988281, 200.50164794921875]], [[394.8746643066406, 205.06410217285156]]]
[[[305.68878173828125, 200.50177001953125]], [[394.8617248535156, 205.05661010742188]]]
[[[305.8599853515625, 196.603515625]], [[394.5231018066406, 202.74526977539062]]]
[[[305.8784484863281, 196.0530548095703]], [[394.362548828125, 203.20907592773438]]]
[[[305.8824462890625, 196.0599365234375]], [[394.3262634277344, 203.18312072753906]]]
[[[305.24334716796875, 199.68780517578125]], [[394.75274658203125, 201.88546752929688]]]
[[[305.6097106933594, 198.4940948486328]], [[394.2740478515625, 201.88243103027344]]]
[[[305.6116638183594, 198.49575805664062]], [[394.2823486328125, 201.88711547851562]]]
[[[305.3949279785156, 198.3994140625]], [[397.330810546875, 199.0743865966797]]]
[[[304.5795593261719, 201.15867614746094]], [[397.5268249511719, 197.6956329345703]]]
[[[304.596923828125, 201.16061401367188]], [[397.5232238769531, 197.69313049316406]]]
[[[305.3146057128906, 198.41107177734375]], [[396.392333984375, 198.6927490234375]]]
[[[305.9254455566406, 194.44578552246094]], [[397.7329406738281, 197.22567749023438]]]
[[[305.91754150390625, 194.4435577392578]], [[397.7329406738281, 197.22567749023438]]]
[[[306.6777038574219, 193.16282653808594]], [[395.12786865234375, 200.62709045410156]]]
[[[306.7742614746094, 192.36428833007812]], [[393.3645324707031, 200.68994140625]]]
[[[306.7613220214844, 192.3639678955078]], [[393.3641662597656, 200.6890106201172]]]
[[[307.2000427246094, 191.64732360839844]], [[393.589599609375, 198.3348846435547]]]
[[[307.6216735839844, 191.38467407226562]], [[393.5111389160156, 200.28761291503906]]]
[[[307.6327819824219, 191.38758850097656]], [[393.51165771484375, 200.28823852539062]]]
[[[307.10308837890625, 191.81336975097656]], [[393.7154541015625, 200.49551391601562]]]
[[[308.5773620605469, 189.70188903808594]], [[393.7999267578125, 198.2313232421875]]]
[[[308.5645446777344, 189.7122344970703]], [[393.8002014160156, 198.23135375976562]]]
[[[308.1792907714844, 190.23809814453125]], [[395.545166015625, 197.02703857421875]]]
[[[309.309326171875, 188.62570190429688]], [[396.8117370605469, 194.39752197265625]]]
[[[309.3116455078125, 188.6264190673828]], [[396.7900390625, 194.3771209716797]]]
[[[310.437744140625, 185.3572540283203]], [[397.5575866699219, 193.42782592773438]]]
[[[309.40185546875, 188.200439453125]], [[397.5988464355469, 192.4759979248047]]]
[[[309.4001770019531, 188.19969177246094]], [[397.47332763671875, 192.43907165527344]]]
[[[308.62445068359375, 188.9322052001953]], [[398.54095458984375, 188.1439971923828]]]
[[[309.4621887207031, 187.7521209716797]], [[399.2583312988281, 186.18386840820312]]]
[[[309.46221923828125, 187.7520294189453]], [[399.2638244628906, 186.17991638183594]]]
[[[306.714111328125, 191.33670043945312]], [[402.4423828125, 185.2025909423828]]]
[[[306.718505859375, 192.66127014160156]], [[400.6921691894531, 188.3102264404297]]]
[[[306.71685791015625, 192.65240478515625]], [[400.7346496582031, 188.32904052734375]]]
[[[306.60382080078125, 192.869873046875]], [[402.37823486328125, 187.94461059570312]]]
[[[308.4508056640625, 195.22109985351562]], [[403.4643249511719, 184.58517456054688]]]
[[[308.4366149902344, 195.20530700683594]], [[403.4656066894531, 184.58592224121094]]]
[[[308.8265380859375, 194.99346923828125]], [[402.1416931152344, 187.09921264648438]]]
[[[309.48150634765625, 194.2848358154297]], [[401.36529541015625, 189.05686950683594]]]
[[[309.481689453125, 194.2847900390625]], [[401.37310791015625, 189.05929565429688]]]
[[[308.56060791015625, 195.4138946533203]], [[401.34027099609375, 186.07470703125]]]
[[[309.63531494140625, 194.33456420898438]], [[400.4590759277344, 189.5778350830078]]]
[[[309.6351623535156, 194.3343048095703]], [[400.4635925292969, 189.57949829101562]]]
[[[309.66290283203125, 193.7435760498047]], [[401.76568603515625, 187.6665496826172]]]
[[[310.47735595703125, 192.91937255859375]], [[401.59814453125, 187.7111053466797]]]
[[[310.4433288574219, 192.9008331298828]], [[401.5856018066406, 187.71046447753906]]]
[[[311.3057556152344, 192.10194396972656]], [[406.2150573730469, 183.7347412109375]]]
[[[303.50799560546875, 194.84503173828125]], [[402.57269287109375, 183.8343048095703]]]
[[[303.53668212890625, 194.84567260742188]], [[402.5679016113281, 183.82968139648438]]]
[[[303.4371643066406, 195.29537963867188]], [[403.3369140625, 183.45335388183594]]]
[[[304.80255126953125, 193.4962615966797]], [[404.8268737792969, 182.66940307617188]]]
[[[304.7974548339844, 193.49362182617188]], [[404.8304748535156, 182.6710968017578]]]
[[[302.6684265136719, 195.6153564453125]], [[404.8543701171875, 182.3223876953125]]]
[[[303.3238525390625, 194.5097198486328]], [[408.8730163574219, 181.12303161621094]]]
[[[303.34197998046875, 194.50990295410156]], [[408.8698425292969, 181.12388610839844]]]
[[[304.3507995605469, 191.5600128173828]], [[408.85418701171875, 180.9988250732422]]]
[[[304.07208251953125, 191.9596405029297]], [[409.03033447265625, 180.69186401367188]]]
[[[304.072265625, 191.95947265625]], [[409.03216552734375, 180.68890380859375]]]
[[[303.853271484375, 192.7235565185547]], [[408.6083984375, 181.32000732421875]]]
[[[303.8822326660156, 193.1383514404297]], [[408.0376281738281, 181.68447875976562]]]
[[[303.91192626953125, 193.15066528320312]], [[408.0374755859375, 181.6847381591797]]]
[[[303.6845703125, 192.9195098876953]], [[408.7464599609375, 180.87745666503906]]]
[[[304.4499206542969, 190.4047393798828]], [[408.1162414550781, 181.00631713867188]]]
[[[304.44757080078125, 190.40280151367188]], [[408.1101989746094, 181.00518798828125]]]
[[[304.083740234375, 191.6563262939453]], [[406.548828125, 181.90798950195312]]]
[[[303.9710998535156, 192.0982208251953]], [[406.8717041015625, 182.12425231933594]]]
[[[303.97015380859375, 192.0977783203125]], [[406.8682556152344, 182.11683654785156]]]
[[[303.84857177734375, 191.89462280273438]], [[404.0174865722656, 181.9380340576172]]]
[[[303.5483093261719, 193.78976440429688]], [[404.29144287109375, 182.1970977783203]]]
[[[303.5586853027344, 193.78097534179688]], [[404.2912292480469, 182.19635009765625]]]
[[[304.0237731933594, 193.349609375]], [[402.885986328125, 182.3636932373047]]]
[[[303.95654296875, 192.26220703125]], [[403.3593444824219, 181.9607696533203]]]
[[[303.9529724121094, 192.25445556640625]], [[403.3570556640625, 181.96136474609375]]]
[[[304.0557861328125, 193.06661987304688]], [[403.1517639160156, 182.58621215820312]]]
[[[304.0651550292969, 193.1387481689453]], [[403.0814514160156, 182.56288146972656]]]
[[[304.06353759765625, 193.1378936767578]], [[403.0613098144531, 182.56289672851562]]]
[[[305.2300720214844, 191.59239196777344]], [[400.40185546875, 182.61398315429688]]]
[[[306.01690673828125, 188.8568115234375]], [[402.1849670410156, 182.33998107910156]]]
[[[306.0173034667969, 188.85693359375]], [[402.1925964355469, 182.33843994140625]]]
[[[305.55194091796875, 191.0765838623047]], [[404.20440673828125, 181.71286010742188]]]
[[[305.0476989746094, 192.5677490234375]], [[402.520751953125, 182.05398559570312]]]
[[[305.05010986328125, 192.56895446777344]], [[402.5207824707031, 182.05331420898438]]]
[[[305.7734069824219, 191.766357421875]], [[401.6109619140625, 182.41873168945312]]]
[[[303.8966369628906, 193.3207244873047]], [[402.8379211425781, 181.86407470703125]]]
[[[303.89385986328125, 193.31947326660156]], [[402.82525634765625, 181.86178588867188]]]
[[[305.46343994140625, 191.8308563232422]], [[401.5893249511719, 182.31161499023438]]]
[[[304.02978515625, 193.2207794189453]], [[402.0631408691406, 181.85482788085938]]]
[[[304.02978515625, 193.2207794189453]], [[402.0631408691406, 181.85482788085938]]]
[[[303.8973083496094, 193.84254455566406]], [[402.31109619140625, 181.8214874267578]]]
[[[305.2369384765625, 192.3074188232422]], [[401.2959899902344, 182.47476196289062]]]
[[[305.2160949707031, 192.30738830566406]], [[401.2958068847656, 182.47520446777344]]]
[[[304.6982727050781, 193.21316528320312]], [[401.64703369140625, 181.86370849609375]]]
[[[303.5487365722656, 195.37120056152344]], [[401.1869812011719, 181.88336181640625]]]
[[[303.55322265625, 195.37315368652344]], [[401.18475341796875, 181.88107299804688]]]
[[[306.4276428222656, 191.49354553222656]], [[400.7763366699219, 181.7854766845703]]]
[[[305.62353515625, 193.2000274658203]], [[400.61297607421875, 181.9764862060547]]]
[[[305.5417175292969, 193.20401000976562]], [[400.618408203125, 181.97691345214844]]]
[[[307.64422607421875, 192.1488800048828]], [[400.12969970703125, 182.14698791503906]]]
[[[307.75653076171875, 188.63282775878906]], [[399.0421142578125, 181.93275451660156]]]
[[[307.7593994140625, 188.63433837890625]], [[399.0415954589844, 181.93226623535156]]]
[[[306.5638732910156, 191.77328491210938]], [[385.7735290527344, 181.72772216796875]]]