[[[300.0, 303.0]], [[368.0, 285.0]]]
[[[300.1099548339844, 303.5788879394531]], [[367.5346984863281, 284.6954040527344]]]
[[[299.4283142089844, 303.72088623046875]], [[364.93316650390625, 285.42120361328125]]]
[[[299.64599609375, 302.9142761230469]], [[362.4091796875, 285.70172119140625]]]
[[[298.59234619140625, 302.4004821777344]], [[359.896240234375, 286.8996276855469]]]
[[[298.43072509765625, 302.7850646972656]], [[357.93927001953125, 288.3583679199219]]]
[[[298.408447265625, 302.5279846191406]], [[357.1917419433594, 289.24285888671875]]]
[[[298.4752197265625, 302.9913635253906]], [[355.6136474609375, 289.2957763671875]]]
[[[298.8384094238281, 302.5721740722656]], [[353.9234924316406, 289.1091003417969]]]
[[[298.7469787597656, 302.9931945800781]], [[351.158203125, 289.6661376953125]]]
[[[299.1066589355469, 303.365234375]], [[348.6048889160156, 290.45159912109375]]]
[[[299.1098937988281, 303.4945983886719]], [[346.5478515625, 291.793701171875]]]
[[[298.3447570800781, 304.92364501953125]], [[343.41339111328125, 293.80731201171875]]]
[[[298.0478820800781, 306.3233337402344]], [[344.0216369628906, 293.5048522949219]]]
[[[298.2902526855469, 308.6497802734375]], [[345.8487854003906, 292.87908935546875]]]
[[[295.2589416503906, 308.3038635253906]], [[347.88934326171875, 291.8786315917969]]]
[[[290.2469482421875, 306.7964172363281]], [[348.9967346191406, 291.7725524902344]]]
[[[284.7176513671875, 305.2431335449219]], [[349.1559753417969, 290.848388671875]]]
[[[279.3312072753906, 305.13818359375]], [[350.0885925292969, 290.7447814941406]]]
[[[269.1789245605469, 302.7568359375]], [[349.36669921875, 291.6886901855469]]]
[[[265.6876525878906, 301.19281005859375]], [[349.4466247558594, 292.6617431640625]]]
[[[266.29217529296875, 301.852294921875]], [[349.29168701171875, 292.6636962890625]]]
[[[266.8443908691406, 299.61676025390625]], [[349.73828125, 292.623779296875]]]
[[[267.0700378417969, 299.73956298828125]], [[349.89080810546875, 292.6703186035156]]]
[[[271.57244873046875, 301.4984436035156]], [[349.7568054199219, 292.5165710449219]]]
[[[274.1579895019531, 302.0459899902344]], [[349.8814697265625, 292.4578552246094]]]
[[[275.0631408691406, 302.5505676269531]], [[350.0802001953125, 292.21636962890625]]]
[[[274.1681823730469, 302.2321472167969]], [[349.3350524902344, 292.56640625]]]
[[[276.3633117675781, 303.02056884765625]], [[349.9431457519531, 292.08367919921875]]]
[[[276.4361572265625, 302.9960632324219]], [[349.00665283203125, 291.60009765625]]]
[[[277.3126525878906, 303.67474365234375]], [[349.24169921875, 291.6865234375]]]
[[[279.18231201171875, 304.58642578125]], [[349.33831787109375, 291.590576171875]]]
[[[278.29119873046875, 302.9555969238281]], [[349.763427734375, 292.8403625488281]]]
[[[277.85931396484375, 302.5560302734375]], [[349.7843933105469, 292.7143249511719]]]
[[[276.4111328125, 301.14227294921875]], [[349.684326171875, 292.54949951171875]]]
[[[276.9772033691406, 300.7156066894531]], [[350.0985107421875, 292.4048767089844]]]
[[[277.2738342285156, 300.6114196777344]], [[350.10772705078125, 292.0240783691406]]]
[[[277.74993896484375, 300.39752197265625]], [[350.5412292480469, 291.95819091796875]]]
[[[278.1037292480469, 299.90087890625]], [[350.4815673828125, 290.9532470703125]]]
[[[278.4461975097656, 299.8790588378906]], [[350.4794006347656, 290.94256591796875]]]
[[[279.0574035644531, 299.9239196777344]], [[351.1311950683594, 290.45220947265625]]]
[[[279.1160583496094, 299.7229309082031]], [[351.1164855957031, 290.061767578125]]]
[[[277.7158508300781, 299.0472106933594]], [[351.4136657714844, 289.6796569824219]]]
[[[277.12353515625, 298.6385498046875]], [[350.9272766113281, 289.25177001953125]]]
[[[276.76458740234375, 298.591796875]], [[351.4741516113281, 289.562744140625]]]
[[[276.2583923339844, 297.9506530761719]], [[351.1998596191406, 288.7398681640625]]]
[[[275.96783447265625, 297.7652893066406]], [[351.42529296875, 288.2454528808594]]]
[[[275.59344482421875, 297.615478515625]], [[351.343017578125, 287.70526123046875]]]
[[[274.74188232421875, 297.1575012207031]], [[350.29119873046875, 285.75274658203125]]]
[[[274.3890075683594, 296.8664855957031]], [[348.2563171386719, 284.0211181640625]]]
[[[274.55487060546875, 297.9901428222656]], [[347.5576477050781, 282.37890625]]]
[[[276.801025390625, 299.4441223144531]], [[344.1450500488281, 281.4892578125]]]
[[[276.0496826171875, 300.2203369140625]], [[337.6788024902344, 277.50946044921875]]]
[[[274.6545715332031, 300.4226379394531]], [[340.2858581542969, 281.45111083984375]]]
[[[272.84442138671875, 300.160400390625]], [[344.5028381347656, 289.6747131347656]]]
[[[272.3854675292969, 300.0234069824219]], [[345.9664611816406, 293.2226867675781]]]
[[[269.53436279296875, 298.32977294921875]], [[348.2449645996094, 300.1439514160156]]]
[[[269.58331298828125, 298.6179504394531]], [[346.07763671875, 303.544189453125]]]
[[[266.6199645996094, 298.2070617675781]], [[340.6107177734375, 309.4468994140625]]]
[[[265.7876892089844, 298.3869934082031]], [[334.5648498535156, 309.0063171386719]]]
[[[264.1140441894531, 296.8922424316406]], [[337.236328125, 312.41925048828125]]]
[[[264.0097961425781, 296.29095458984375]], [[335.95684814453125, 314.33026123046875]]]
[[[262.18707275390625, 294.7228088378906]], [[336.3274230957031, 315.1246337890625]]]
[[[262.782958984375, 295.206787109375]], [[337.2205505371094, 314.2042541503906]]]
[[[264.0948181152344, 294.9318542480469]], [[336.9728088378906, 313.5926513671875]]]
[[[263.9087219238281, 294.7680358886719]], [[336.40106201171875, 313.91217041015625]]]
[[[264.333251953125, 296.26507568359375]], [[329.5321350097656, 314.0281982421875]]]
[[[264.3020324707031, 296.36175537109375]], [[327.10089111328125, 313.6495666503906]]]
[[[265.2917785644531, 296.58489990234375]], [[325.66900634765625, 311.63031005859375]]]
[[[265.4561462402344, 296.1119079589844]], [[323.1502990722656, 304.8045349121094]]]
[[[265.3486022949219, 295.2879638671875]], [[322.6747131347656, 304.6782531738281]]]
[[[265.6069030761719, 294.9316101074219]], [[321.91534423828125, 304.2231140136719]]]
[[[266.1340637207031, 295.55242919921875]], [[321.1329650878906, 302.36529541015625]]]
[[[266.0517883300781, 295.71478271484375]], [[321.4721374511719, 301.48333740234375]]]
[[[265.62774658203125, 296.4102783203125]], [[320.5284729003906, 301.5797424316406]]]
[[[266.3504333496094, 296.455810546875]], [[320.3795166015625, 301.46636962890625]]]
[[[265.7569580078125, 296.4415283203125]], [[319.4022216796875, 301.9035339355469]]]
[[[265.89910888671875, 296.7025146484375]], [[317.1445617675781, 301.78778076171875]]]
[[[265.7954406738281, 296.4781188964844]], [[316.1012878417969, 301.6256408691406]]]
[[[266.53326416015625, 297.8690490722656]], [[314.34149169921875, 301.8846435546875]]]
[[[266.03839111328125, 297.5017395019531]], [[314.0404968261719, 301.45916748046875]]]
[[[265.9640197753906, 297.1683044433594]], [[313.91033935546875, 301.3642578125]]]
[[[265.854736328125, 297.3208312988281]], [[314.3742980957031, 300.7731628417969]]]
[[[265.73016357421875, 297.0992126464844]], [[316.2613525390625, 298.223388671875]]]
[[[265.36810302734375, 297.6044006347656]], [[317.2087707519531, 297.317138671875]]]
[[[265.6290588378906, 297.8854675292969]], [[318.2186279296875, 297.3155517578125]]]
[[[264.7248229980469, 298.2629089355469]], [[320.86346435546875, 296.2513732910156]]]
[[[265.0417785644531, 298.18048095703125]], [[321.1222839355469, 296.2774658203125]]]
[[[263.94671630859375, 298.4883117675781]], [[323.64361572265625, 295.5596618652344]]]
[[[263.5174255371094, 298.7587585449219]], [[326.17578125, 294.84747314453125]]]
[[[263.926513671875, 298.6514587402344]], [[326.7544860839844, 294.317138671875]]]
[[[263.3072814941406, 298.75762939453125]], [[329.3437194824219, 294.3307189941406]]]
[[[262.76708984375, 299.6035461425781]], [[330.8572082519531, 293.96307373046875]]]
[[[262.6559753417969, 299.55560302734375]], [[331.6119689941406, 293.5123291015625]]]
[[[262.394775390625, 300.5116882324219]], [[332.9186706542969, 291.4651794433594]]]
[[[262.06719970703125, 300.47943115234375]], [[333.54315185546875, 291.2442932128906]]]
[[[262.4186706542969, 301.941162109375]], [[334.48248291015625, 291.59246826171875]]]
[[[262.68408203125, 302.5294189453125]], [[335.0790100097656, 291.49224853515625]]]
[[[262.69476318359375, 302.7358703613281]], [[335.17742919921875, 291.5423583984375]]]
[[[263.32025146484375, 304.172607421875]], [[336.60797119140625, 289.7410888671875]]]
[[[263.287109375, 304.1736145019531]], [[337.4295959472656, 289.57562255859375]]]
[[[263.5390319824219, 304.4779052734375]], [[337.7026062011719, 289.3241271972656]]]
[[[264.003662109375, 304.6225280761719]], [[338.64678955078125, 288.3818054199219]]]
[[[264.4566650390625, 304.14105224609375]], [[340.3320617675781, 287.08966064453125]]]
[[[264.6411437988281, 304.1937561035156]], [[340.6080017089844, 286.3374938964844]]]
[[[264.778076171875, 304.3768310546875]], [[341.9335632324219, 285.39892578125]]]
[[[265.6107482910156, 304.35198974609375]], [[341.9276428222656, 285.2639465332031]]]
[[[265.297607421875, 304.2098388671875]], [[341.231689453125, 285.068603515625]]]
[[[266.142333984375, 304.4790954589844]], [[340.0550537109375, 286.51202392578125]]]
[[[266.3624572753906, 304.56927490234375]], [[339.7247009277344, 286.7103271484375]]]
[[[267.5326232910156, 304.8339538574219]], [[341.2843017578125, 285.4784240722656]]]
[[[268.7158203125, 304.8796691894531]], [[342.7931823730469, 284.40087890625]]]
[[[268.9842834472656, 305.7124328613281]], [[344.9245300292969, 283.2014465332031]]]
[[[270.14013671875, 304.9556884765625]], [[345.6229248046875, 282.4847412109375]]]
[[[269.9570617675781, 304.8682556152344]], [[346.5510559082031, 282.14093017578125]]]
[[[269.78082275390625, 305.21136474609375]], [[348.5386047363281, 283.1363525390625]]]
[[[269.3340148925781, 304.5740051269531]], [[349.1570129394531, 283.4682922363281]]]
[[[270.2022705078125, 304.9731750488281]], [[351.5653991699219, 282.33489990234375]]]
[[[269.7232666015625, 304.1354675292969]], [[354.1435852050781, 282.09375]]]
[[[268.6607971191406, 303.45501708984375]], [[356.60089111328125, 282.2886962890625]]]
[[[268.108154296875, 303.05731201171875]], [[359.06097412109375, 283.3235778808594]]]
[[[266.5678405761719, 299.2012023925781]], [[362.380615234375, 286.9919128417969]]]
[[[266.8085021972656, 299.3741455078125]], [[365.3408508300781, 289.4580383300781]]]
[[[267.0997314453125, 299.9129333496094]], [[366.3344421386719, 291.5507507324219]]]
[[[267.5050964355469, 299.3426818847656]], [[371.3036193847656, 294.28985595703125]]]
[[[267.9886169433594, 297.7186279296875]], [[374.3131103515625, 296.3238525390625]]]
[[[269.2304382324219, 296.7847595214844]], [[373.5347595214844, 297.0926818847656]]]
[[[269.6837463378906, 297.2223815917969]], [[371.81719970703125, 296.4886779785156]]]
[[[269.6533203125, 296.4242248535156]], [[369.1881103515625, 294.7122497558594]]]
[[[270.61273193359375, 296.9650573730469]], [[365.73455810546875, 289.62811279296875]]]
[[[269.91485595703125, 296.94476318359375]], [[364.1635437011719, 288.68292236328125]]]
[[[269.468994140625, 297.32373046875]], [[363.0057067871094, 287.3857727050781]]]
[[[269.61773681640625, 296.3023681640625]], [[364.08807373046875, 286.7917785644531]]]
[[[268.7897033691406, 296.3133239746094]], [[362.6116638183594, 285.38818359375]]]
[[[268.4597473144531, 295.4588317871094]], [[363.96502685546875, 285.9508361816406]]]
[[[268.5640869140625, 296.1692810058594]], [[363.79522705078125, 286.98907470703125]]]
[[[268.96826171875, 296.3974914550781]], [[363.5151062011719, 288.50909423828125]]]
[[[268.8348083496094, 296.6481018066406]], [[363.5947265625, 291.53607177734375]]]
[[[268.943115234375, 296.88629150390625]], [[362.24627685546875, 293.4824523925781]]]
[[[269.4264831542969, 297.6109313964844]], [[360.3280334472656, 293.5663757324219]]]
[[[269.68682861328125, 297.6185302734375]], [[359.9817199707031, 293.37115478515625]]]
[[[271.1166076660156, 297.82000732421875]], [[358.204833984375, 292.32757568359375]]]
[[[270.7091064453125, 297.59130859375]], [[358.0980529785156, 291.8566589355469]]]
[[[270.9902648925781, 297.4654846191406]], [[358.0687255859375, 291.7484130859375]]]
[[[271.0517272949219, 297.19866943359375]], [[358.4215087890625, 291.1321716308594]]]
[[[271.552734375, 297.37493896484375]], [[358.1668701171875, 290.53680419921875]]]
[[[272.062255859375, 297.2339782714844]], [[357.8906555175781, 288.50494384765625]]]
[[[272.2789611816406, 297.69732666015625]], [[357.6273498535156, 287.3778991699219]]]
[[[272.5171813964844, 297.5250244140625]], [[356.8150329589844, 284.6056823730469]]]
[[[272.6710510253906, 297.5539855957031]], [[356.361083984375, 284.57879638671875]]]
[[[272.27520751953125, 297.27337646484375]], [[354.5713195800781, 284.8402099609375]]]
[[[272.1763000488281, 297.1270751953125]], [[354.1101989746094, 285.49481201171875]]]
[[[272.0643310546875, 297.2498779296875]], [[352.68096923828125, 285.6617431640625]]]
[[[271.4918518066406, 297.0743713378906]], [[351.4315185546875, 285.3941650390625]]]
[[[271.5177307128906, 297.3122253417969]], [[351.60894775390625, 285.4200439453125]]]
[[[272.0140380859375, 297.5647277832031]], [[352.5802917480469, 285.4544677734375]]]
[[[271.7642517089844, 297.4237060546875]], [[353.0631103515625, 284.9580383300781]]]
[[[271.8168029785156, 297.947265625]], [[352.6788330078125, 284.9406433105469]]]
[[[274.04132080078125, 302.30401611328125]], [[351.94683837890625, 284.2821044921875]]]
[[[279.04541015625, 314.9722900390625]], [[352.19708251953125, 282.82916259765625]]]
[[[274.0021057128906, 309.39996337890625]], [[353.67486572265625, 278.8792724609375]]]
[[[266.8174133300781, 305.7033996582031]], [[354.5234375, 277.3033447265625]]]
[[[260.3970642089844, 301.4859619140625]], [[355.6005554199219, 276.11151123046875]]]
[[[254.59844970703125, 300.1874694824219]], [[356.0290832519531, 275.5804443359375]]]
[[[253.01429748535156, 299.037109375]], [[355.6613464355469, 274.85601806640625]]]
[[[252.40940856933594, 299.268310546875]], [[355.40960693359375, 274.6699523925781]]]
[[[251.47132873535156, 298.68914794921875]], [[355.0661315917969, 274.43115234375]]]
[[[248.7872772216797, 297.4375305175781]], [[354.6626892089844, 274.4126892089844]]]
[[[245.35301208496094, 296.6561279296875]], [[354.2458801269531, 274.0726623535156]]]
[[[241.74139404296875, 290.978271484375]], [[354.07977294921875, 273.9346923828125]]]
[[[236.989013671875, 286.7275085449219]], [[353.0907287597656, 275.37347412109375]]]
[[[231.92330932617188, 283.188720703125]], [[352.8771057128906, 276.6934509277344]]]
[[[230.7792205810547, 280.1940002441406]], [[351.7478332519531, 280.782470703125]]]
[[[229.83261108398438, 279.73944091796875]], [[351.0549011230469, 282.2555847167969]]]
[[[227.8371124267578, 279.4391174316406]], [[350.8027648925781, 283.5032653808594]]]
[[[226.2916717529297, 277.8573913574219]], [[351.51763916015625, 282.8665771484375]]]
[[[226.6851348876953, 278.1242370605469]], [[351.9820861816406, 282.96990966796875]]]
[[[227.10955810546875, 278.6224365234375]], [[351.05322265625, 284.1254577636719]]]
[[[227.89720153808594, 280.5697937011719]], [[350.956787109375, 284.78680419921875]]]
[[[228.02630615234375, 280.9241943359375]], [[351.0244445800781, 284.6658935546875]]]
[[[227.72093200683594, 281.195068359375]], [[351.365234375, 284.4078369140625]]]
[[[225.05459594726562, 279.3602294921875]], [[351.5089111328125, 284.2082214355469]]]
[[[213.3682861328125, 279.6930236816406]], [[352.0523986816406, 283.4368591308594]]]
[[[212.75762939453125, 275.4866638183594]], [[351.6260070800781, 283.26605224609375]]]
[[[207.4392547607422, 271.9465026855469]], [[349.5834045410156, 284.163330078125]]]
[[[204.9558868408203, 270.5206604003906]], [[347.7033386230469, 285.18310546875]]]
[[[201.6374053955078, 271.3710632324219]], [[346.3129577636719, 286.70654296875]]]
[[[201.46011352539062, 273.2416687011719]], [[345.1839294433594, 287.86749267578125]]]
[[[201.86903381347656, 276.1873779296875]], [[343.769775390625, 289.46405029296875]]]
[[[202.2734832763672, 276.5736389160156]], [[342.9265441894531, 290.56622314453125]]]
[[[205.75332641601562, 277.529541015625]], [[340.1325988769531, 292.7363586425781]]]
[[[207.26910400390625, 278.4322814941406]], [[339.1245422363281, 292.6783447265625]]]
[[[206.01219177246094, 277.278076171875]], [[339.9933776855469, 292.156005859375]]]
[[[207.9926300048828, 277.58892822265625]], [[339.7579040527344, 292.3415222167969]]]
[[[210.4112548828125, 278.12530517578125]], [[340.0271301269531, 292.676025390625]]]
[[[213.2932586669922, 279.0879211425781]], [[340.0744323730469, 292.7322692871094]]]
[[[214.31613159179688, 279.1063537597656]], [[341.1950378417969, 292.6248474121094]]]
[[[216.15313720703125, 279.15966796875]], [[341.1539001464844, 293.42333984375]]]
[[[214.6748046875, 276.07177734375]], [[342.18121337890625, 293.42755126953125]]]
[[[215.73403930664062, 276.3387451171875]], [[343.14306640625, 293.42047119140625]]]
[[[215.599365234375, 278.2231750488281]], [[344.9119873046875, 293.8421936035156]]]
[[[214.3297576904297, 278.1992492675781]], [[343.9229736328125, 294.6169128417969]]]
[[[213.869384765625, 281.0929260253906]], [[343.3452453613281, 294.1534118652344]]]
[[[215.1876220703125, 282.07757568359375]], [[342.2598571777344, 293.939453125]]]
[[[214.49151611328125, 281.0809326171875]], [[342.7103576660156, 292.4386291503906]]]
[[[214.77313232421875, 280.20855712890625]], [[345.5473937988281, 290.4383239746094]]]
[[[214.8002471923828, 279.8951416015625]], [[345.95062255859375, 290.3996276855469]]]
[[[214.89898681640625, 280.2628173828125]], [[345.9839782714844, 290.64703369140625]]]
[[[215.16177368164062, 280.68170166015625]], [[345.15966796875, 291.4456481933594]]]
[[[215.1571044921875, 281.19317626953125]], [[345.2135925292969, 292.0851745605469]]]
[[[215.0706329345703, 281.0381164550781]], [[344.40069580078125, 292.1089172363281]]]
[[[215.03973388671875, 281.0481262207031]], [[344.1669006347656, 292.1200866699219]]]
[[[215.3849639892578, 280.839111328125]], [[343.8666687011719, 292.0779724121094]]]
[[[215.3525390625, 280.4801330566406]], [[344.4833984375, 292.6535949707031]]]
[[[216.57984924316406, 281.521728515625]], [[343.945068359375, 292.73773193359375]]]
[[[216.3804473876953, 281.73236083984375]], [[344.0156555175781, 292.7063903808594]]]
[[[216.80003356933594, 282.0557556152344]], [[344.6065979003906, 292.5361633300781]]]
[[[216.61331176757812, 281.9085998535156]], [[344.20068359375, 291.7850646972656]]]
[[[213.58541870117188, 279.88385009765625]], [[347.60516357421875, 290.3960876464844]]]
[[[211.58840942382812, 279.63818359375]], [[348.4700012207031, 289.24298095703125]]]
[[[210.14666748046875, 279.3659973144531]], [[348.26275634765625, 289.1658020019531]]]
[[[210.76144409179688, 281.3349914550781]], [[346.5731201171875, 289.4744567871094]]]
[[[210.68008422851562, 281.77020263671875]], [[345.8475036621094, 290.1919860839844]]]
[[[210.8788604736328, 281.9049377441406]], [[345.677734375, 291.1493835449219]]]
[[[211.2449188232422, 282.164794921875]], [[344.91455078125, 291.3983154296875]]]
[[[211.04110717773438, 282.5152893066406]], [[344.93878173828125, 291.4016418457031]]]
[[[211.69131469726562, 283.10101318359375]], [[346.39739990234375, 291.37335205078125]]]
[[[211.35824584960938, 282.17205810546875]], [[346.3455505371094, 291.3006896972656]]]
[[[210.9779815673828, 282.30767822265625]], [[346.36865234375, 291.3089294433594]]]
[[[212.03530883789062, 282.40863037109375]], [[346.1962585449219, 291.3485107421875]]]
[[[211.89752197265625, 280.28240966796875]], [[345.3345947265625, 292.1886291503906]]]
[[[212.672119140625, 279.66400146484375]], [[344.5213317871094, 293.1689453125]]]
[[[212.91798400878906, 279.3250427246094]], [[344.6440734863281, 294.46807861328125]]]
[[[212.7362823486328, 278.2481994628906]], [[343.9405517578125, 295.4710998535156]]]
[[[214.21119689941406, 279.1535949707031]], [[343.3414611816406, 295.6555480957031]]]
[[[213.37567138671875, 281.12042236328125]], [[342.61773681640625, 296.5586242675781]]]
[[[213.98878479003906, 282.020751953125]], [[341.7417907714844, 297.29730224609375]]]
[[[214.9698486328125, 282.5988464355469]], [[341.5570373535156, 297.3641357421875]]]
[[[215.5980224609375, 282.70361328125]], [[341.64971923828125, 297.2851867675781]]]
[[[215.8343505859375, 283.44610595703125]], [[341.9497985839844, 296.1100158691406]]]
[[[215.2982940673828, 283.3522644042969]], [[342.49688720703125, 295.1039123535156]]]
[[[214.36656188964844, 283.0526123046875]], [[343.23211669921875, 292.03094482421875]]]
[[[212.48379516601562, 282.6276550292969]], [[343.99676513671875, 292.01641845703125]]]
[[[210.50723266601562, 281.96533203125]], [[344.7229919433594, 291.91162109375]]]
[[[208.5181427001953, 278.7419738769531]], [[345.28912353515625, 291.8403625488281]]]
[[[207.42222595214844, 278.6644592285156]], [[345.89227294921875, 291.7447204589844]]]
[[[207.42674255371094, 279.14215087890625]], [[345.8583984375, 291.57275390625]]]
[[[208.0243682861328, 279.71148681640625]], [[346.0747985839844, 291.67767333984375]]]
[[[208.2993621826172, 280.20037841796875]], [[345.8292236328125, 291.23541259765625]]]
[[[207.73985290527344, 280.82940673828125]], [[345.9472961425781, 290.218017578125]]]
[[[208.0064697265625, 280.9903564453125]], [[345.72991943359375, 290.2111511230469]]]
[[[207.98609924316406, 281.0195617675781]], [[345.30401611328125, 290.63848876953125]]]
[[[207.68826293945312, 279.5810852050781]], [[342.4263916015625, 291.64306640625]]]
[[[207.58444213867188, 278.4776306152344]], [[340.6590270996094, 292.7367858886719]]]
[[[208.2171173095703, 277.5046081542969]], [[340.4923095703125, 295.703369140625]]]
[[[208.4245147705078, 276.6272888183594]], [[340.39373779296875, 295.8750915527344]]]
[[[208.48634338378906, 277.1954345703125]], [[340.7172546386719, 295.868896484375]]]
[[[208.51077270507812, 277.2884521484375]], [[342.5271301269531, 295.81390380859375]]]
[[[208.94480895996094, 278.10205078125]], [[343.3250732421875, 295.8496398925781]]]
[[[212.4344940185547, 277.6754455566406]], [[343.1058654785156, 295.7751770019531]]]
[[[213.0640411376953, 277.9756774902344]], [[341.7688293457031, 295.74078369140625]]]
[[[212.98867797851562, 278.40399169921875]], [[341.5666198730469, 295.7905578613281]]]
[[[212.46456909179688, 277.3733825683594]], [[340.91876220703125, 296.78179931640625]]]
[[[212.37875366210938, 276.8953857421875]], [[340.9690856933594, 297.472900390625]]]
[[[212.754638671875, 277.1240234375]], [[340.786376953125, 297.7630310058594]]]
[[[213.6190185546875, 276.5491943359375]], [[340.52764892578125, 297.8362731933594]]]
[[[213.93643188476562, 277.46160888671875]], [[340.371337890625, 297.8125]]]
[[[214.3026885986328, 278.5555114746094]], [[340.1374816894531, 297.8223876953125]]]
[[[214.06593322753906, 278.37322998046875]], [[339.6812438964844, 297.73193359375]]]
[[[214.09988403320312, 278.32940673828125]], [[339.00335693359375, 297.988525390625]]]
[[[213.2088165283203, 277.5145263671875]], [[338.6720275878906, 298.7222900390625]]]
[[[212.1949920654297, 276.8575744628906]], [[338.39044189453125, 299.5810241699219]]]
[[[210.18951416015625, 276.1866149902344]], [[338.7972717285156, 300.2952880859375]]]
[[[209.72154235839844, 276.3110046386719]], [[338.62310791015625, 300.6318054199219]]]
[[[210.01467895507812, 276.80767822265625]], [[338.39422607421875, 300.99017333984375]]]
[[[210.07582092285156, 276.53350830078125]], [[338.6557922363281, 301.0377197265625]]]
[[[209.7841796875, 276.5182800292969]], [[339.31182861328125, 300.77642822265625]]]
[[[209.8672332763672, 276.75140380859375]], [[340.80657958984375, 299.74383544921875]]]
[[[208.00477600097656, 276.1839599609375]], [[341.96807861328125, 297.4482421875]]]
[[[207.93910217285156, 275.3712463378906]], [[342.04998779296875, 296.48095703125]]]
[[[207.5903778076172, 275.3706359863281]], [[342.310791015625, 295.7726135253906]]]
[[[206.71446228027344, 275.7643127441406]], [[343.41912841796875, 294.872314453125]]]
[[[208.12460327148438, 276.4983215332031]], [[343.3921813964844, 293.16949462890625]]]
[[[208.4085235595703, 276.39825439453125]], [[343.9520568847656, 292.96246337890625]]]
[[[209.285400390625, 276.9403991699219]], [[343.1391906738281, 293.1531066894531]]]
[[[209.15054321289062, 275.89361572265625]], [[342.4833679199219, 293.51708984375]]]
[[[209.22084045410156, 276.53265380859375]], [[342.6568908691406, 294.25567626953125]]]
[[[209.39198303222656, 276.4586486816406]], [[342.58392333984375, 294.1646423339844]]]
[[[209.49899291992188, 275.5331726074219]], [[343.3550720214844, 294.6689147949219]]]
[[[209.81581115722656, 275.8803405761719]], [[343.4006042480469, 294.73077392578125]]]
[[[209.9010009765625, 274.9228820800781]], [[343.199951171875, 295.9724426269531]]]
[[[210.3838653564453, 275.521240234375]], [[343.3275451660156, 296.6914978027344]]]
[[[210.97149658203125, 275.75115966796875]], [[343.6781921386719, 296.81536865234375]]]
[[[212.71441650390625, 276.7369079589844]], [[342.8663024902344, 296.1191711425781]]]
[[[213.4652099609375, 276.7999267578125]], [[343.0895690917969, 296.07769775390625]]]
[[[213.62498474121094, 276.6026611328125]], [[343.5754089355469, 295.93701171875]]]
[[[214.8524169921875, 276.85577392578125]], [[343.4864807128906, 295.9917297363281]]]