192.00 131.00 
192.13 130.93 
193.17 130.91 
193.27 130.90 
191.90 129.77 
191.70 129.39 
191.69 129.38 
192.09 129.05 
192.02 129.68 
191.80 129.64 
192.19 130.86 
193.39 131.41 
193.49 131.47 
193.26 131.51 
194.13 133.04 
194.31 133.14 
193.89 133.30 
194.17 133.23 
194.12 133.20 
192.68 132.41 
193.03 132.68 
193.12 132.69 
193.60 132.67 
192.48 130.95 
192.37 130.94 
190.47 129.17 
189.07 129.03 
189.04 129.03 
187.93 128.99 
186.27 129.42 
186.32 129.42 
185.70 129.64 
185.16 129.51 
185.16 129.48 
184.82 129.77 
184.91 130.37 
184.91 130.34 
186.34 130.27 
186.08 130.31 
186.09 130.30 
186.88 131.24 
187.94 131.94 
187.89 131.93 
189.99 133.69 
192.25 137.04 
192.26 137.05 
193.29 139.52 
194.62 141.38 
194.62 141.35 
195.18 141.27 
195.07 141.32 
195.02 141.30 
195.20 141.38 
195.94 141.27 
195.91 141.27 
195.85 140.00 
195.94 139.52 
195.97 139.53 
196.16 138.85 
197.08 139.26 
197.54 140.47 
197.57 140.47 
197.92 140.41 
198.51 140.73 
198.52 140.73 
199.00 140.44 
198.84 139.00 
198.82 139.01 
198.28 136.79 
197.94 135.57 
197.98 135.56 
197.71 135.71 
198.57 136.67 
198.59 136.69 
199.23 137.63 
199.14 136.74 
199.16 136.72 
198.56 135.93 
198.41 135.70 
198.42 135.72 
197.55 134.85 
197.66 133.35 
197.65 133.35 
197.54 133.64 
197.59 133.68 
197.55 133.66 
197.29 132.86 
197.56 132.73 
197.55 132.73 
197.12 130.18 
196.81 129.54 
196.80 129.55 
196.73 129.50 
196.52 129.55 
196.48 129.53 
196.48 129.57 
197.15 132.02 
197.15 132.00 
197.39 132.65 
197.69 133.27 
197.71 133.26 
197.93 133.08 
197.97 132.38 
197.98 132.39 
197.86 131.71 
197.09 131.66 
197.13 131.71 
196.69 132.84 
197.79 134.72 
197.76 134.73 
198.33 134.91 
198.13 132.34 
198.11 132.35 
197.04 130.47 
197.43 131.24 
197.47 131.26 
197.37 131.58 
197.91 131.14 
197.93 131.15 
198.21 130.49 
197.76 129.19 
197.81 129.18 
197.47 128.45 
197.84 129.17 
197.79 129.17 
198.18 129.10 
197.80 128.08 
197.87 128.09 
197.56 127.49 
197.68 127.01 
197.70 127.01 
197.79 127.67 
198.13 128.93 
198.10 128.92 
197.88 129.11 
197.99 128.91 
198.04 128.93 
198.32 128.41 
198.33 128.38 
198.35 128.42 
198.36 128.77 
198.47 128.43 
198.58 128.44 
199.06 128.23 
198.84 128.51 
198.92 128.56 
198.57 128.68 
198.44 128.76 
198.55 128.80 
199.33 129.18 
199.21 129.50 
199.22 129.50 
199.12 129.86 
199.12 129.77 
199.15 129.78 
199.01 128.79 
197.79 127.98 
197.80 127.99 
198.13 128.81 
198.12 129.39 
198.13 129.39 
198.34 128.84 
198.28 129.01 
198.26 129.01 
198.51 129.77 
199.34 130.47 
199.36 130.46 
199.29 130.39 
199.45 130.97 
199.44 130.97 
199.24 130.75 
200.10 130.87 
200.10 130.85 
200.45 131.63 
200.81 132.05 
200.71 132.02 
200.43 130.97 
199.49 129.33 
199.55 129.39 
199.56 129.40 
200.10 129.22 
200.10 129.21 
198.48 127.36 
198.54 127.44 
198.53 127.42 
197.75 127.91 
197.66 127.23 
197.62 127.23 
197.36 127.40 
197.76 128.68 
197.74 128.68 
198.63 130.00 
198.91 131.04 
198.94 131.05 
198.62 132.09 
198.97 132.95 
198.98 132.95 
199.05 132.77 
198.59 133.95 
198.62 133.93 
198.44 132.99 
198.57 131.80 
198.63 131.82 
198.96 131.85 
198.67 131.92 
198.77 131.89 
198.53 131.87 
198.93 131.83 
198.83 131.82 
198.61 131.21 
198.76 132.34 
198.70 132.29 
198.68 132.62 
198.31 132.66 
198.31 132.66 
198.66 132.66 
198.70 132.32 
198.70 132.27 
198.24 131.66 
198.35 131.18 
198.37 131.17 
197.95 131.38 
198.07 131.78 
198.04 131.81 
198.01 130.38 
198.28 129.82 
198.26 129.82 
198.06 129.06 
197.36 128.96 
197.31 128.93 
197.46 129.77 
197.72 129.40 
197.88 129.45 
197.01 128.56 
196.96 127.41 
197.03 127.39 
196.49 126.60 
195.89 126.80 
195.85 126.78 
196.61 126.77 
196.23 125.90 
196.30 125.91 
197.23 127.26 
197.96 127.22 
198.09 127.24 
198.21 126.44 
197.92 125.69 
197.92 125.69 
197.24 123.55 
196.74 122.06 
196.65 122.03 
197.43 124.91 
198.08 124.80 
198.08 124.84 
198.21 124.15 
197.48 124.55 
197.44 124.53 
196.85 124.50 
196.58 123.40 
196.55 123.39 
195.86 122.51 
196.32 122.07 
196.20 122.02 
196.61 122.06 
196.91 123.19 
196.92 123.13 
197.51 124.97 
197.64 125.99 
197.63 125.98 
198.16 125.95 
197.68 126.18 
197.68 126.17 
197.87 125.84 
197.87 126.01 
197.86 126.00 
198.27 125.95 
197.99 125.33 
198.03 125.33 
197.58 124.45 
197.96 124.53 
197.95 124.52 
199.95 126.94 
200.73 129.00 
200.93 129.03 
200.37 129.28 
201.53 129.00 
201.54 128.96 
201.36 129.13 
200.76 129.47 
200.66 129.39 
201.25 129.53 
202.47 130.46 
202.28 130.32 
203.47 130.86 
203.22 129.63 
203.29 129.68 
203.44 130.70 
203.59 131.02 
203.60 131.11 
203.17 129.70 
202.62 128.52 
202.80 128.53 
202.37 126.86 
201.87 126.85 
201.91 126.86 
201.94 127.58 
201.91 127.64 
201.90 127.62 
201.89 127.58 
201.53 127.18 
201.59 127.16 
201.60 128.14 
203.31 129.76 
203.25 129.75 
203.76 129.84 
204.58 130.80 
204.58 130.78 
204.79 131.99 
205.43 132.33 
205.43 132.30 
206.14 133.29 
206.29 133.47 
206.20 133.39 
206.77 132.99 
206.81 133.02 
206.82 133.02 
208.71 133.74 
209.90 136.08 
209.91 136.08 
210.29 135.98 
211.17 136.21 
211.24 136.29 
213.21 136.98 
213.69 136.40 
213.62 136.37 
212.96 135.22 
213.41 135.19 
213.42 135.19 
214.24 136.35 
215.52 137.53 
215.62 137.58 
215.18 136.90 
214.64 135.24 
214.64 135.24 
214.73 134.60 
215.39 135.52 
215.30 135.48 
215.21 135.56 
214.97 134.93 
214.92 134.89 
214.47 134.42 
214.36 133.61 
214.25 133.61 
214.68 134.37 
215.55 135.02 
215.54 135.02 
215.49 134.50 
215.35 134.63 
215.29 134.61 
216.77 136.52 
218.00 138.24 
217.83 138.21 
218.61 138.56 
217.65 135.17 
217.64 135.18 
217.60 134.43 
217.27 134.69 
217.24 134.71 
217.70 135.88 
218.74 136.69 
218.74 136.69 
219.31 137.51 
219.28 136.96 
219.47 137.01 
218.99 135.19 
219.06 135.18 
218.96 135.16 
219.22 136.28 
219.31 136.96 
219.32 136.98 
219.68 137.05 
219.69 137.03 
219.65 137.05 
220.15 137.00 
219.78 137.11 
219.75 137.09 
219.81 137.22 
220.15 137.85 
219.88 137.80 
219.72 138.10 
220.27 139.00 
220.08 138.92 
219.79 139.04 
220.29 139.55 
220.21 139.50 
220.20 140.19 
220.08 140.22 
220.15 140.22 
220.88 139.22 
220.97 139.00 
220.71 138.90 
221.34 140.60 
222.44 143.72 
222.45 143.73 
222.51 145.13 
222.44 145.72 
222.41 145.71 
221.95 145.64 
221.53 144.40 
221.53 144.42 
220.46 143.40 
221.07 143.43 
221.07 143.44 
221.24 143.42 
222.19 144.46 
222.19 144.46 
222.32 144.83 
222.37 144.89 
222.38 144.90 
222.69 144.83 
221.71 143.87 
221.73 143.87 
221.22 142.90 
221.17 142.99 
221.15 142.99 
221.33 143.98 
222.43 146.06 
222.43 146.06 
223.51 149.16 
225.78 151.92 
225.80 151.91 
225.64 152.23 
225.56 152.54 
225.55 152.54 
226.42 152.56 
227.01 152.19 
227.00 152.19 
227.01 152.75 
226.93 152.84 
226.93 152.85 
226.17 152.44 
224.42 151.20 
224.43 151.20 
221.90 148.88 
220.64 149.01 
220.65 149.02 
221.85 150.43 
218.39 148.79 
218.38 148.79 
215.07 145.77 
214.15 145.76 
214.15 145.76 
213.53 147.28 
215.10 149.25 
215.09 149.24 
217.29 152.82 
215.63 152.09 
215.63 152.08 
213.33 151.38 
212.53 152.60 
214.06 154.46 
214.06 154.47 
214.41 155.60 
213.17 154.94 
213.17 154.93 
211.78 154.08 
211.49 155.15 
211.50 155.15 
210.77 155.12 
209.44 154.04 
209.43 154.03 
208.46 152.98 
204.75 150.48 
204.75 150.48 
200.85 148.01 
197.10 145.62 
197.08 145.61 
193.35 142.46 
189.60 140.28 
189.61 140.29 
186.83 140.29 
186.06 139.47 
186.08 139.48 
184.17 139.27 
181.58 138.28 
181.58 138.28 
176.82 134.63 
170.37 132.21 
170.39 132.22 
167.71 131.43 
166.48 132.65 
166.50 132.66 
167.06 134.78 
166.02 133.62 
166.03 133.61 
164.12 131.29 
161.77 130.54 
161.78 130.55 
154.08 126.30 
152.97 128.76 
153.03 128.77 
151.11 129.85 
148.43 130.27 
148.45 130.28 
143.02 140.16 
140.53 144.45 
140.53 144.45 
142.00 152.39 
140.80 158.49 
140.80 158.49 
142.07 161.44 
142.04 161.41 
142.09 161.43 
136.21 150.11 
132.17 141.39 
132.17 141.39 
126.51 129.70 
123.85 123.11 
123.85 123.10 
126.42 126.12 
131.03 135.12 
131.03 135.12 
134.28 141.77 
137.24 145.30 
137.22 145.29 
139.15 148.34 
140.10 153.51 
140.09 153.51 
140.02 153.49 
141.27 147.48 
141.28 147.48 
138.34 142.87 
136.42 138.38 
136.54 138.42 
136.25 138.39 
135.77 137.64 
135.79 137.65 
133.59 134.70 
132.33 133.86 
132.33 133.87 
130.84 133.64 
131.80 134.72 
131.80 134.72 
132.61 135.75 
131.80 138.05 
131.78 138.03 
131.70 137.87 
130.68 133.79 
130.68 133.79 
128.88 129.47 
125.96 125.23 
125.89 125.22 
124.44 122.16 
122.52 120.22 
122.52 120.22 
120.56 120.67 
120.95 122.81 
121.07 122.85 
121.85 121.86 
122.77 121.95 
122.75 121.95 
123.33 123.32 
123.75 125.22 
123.76 125.23 
124.82 126.99 
126.93 127.96 
126.92 127.96 
128.41 129.70 
131.16 132.79 
131.14 132.79 
132.17 133.94 
134.60 135.19 
134.59 135.19 
134.00 131.34 
133.45 129.96 
