261.43 157.96 
261.38 157.90 
261.37 157.87 
261.43 157.81 
261.47 157.84 
261.49 157.86 
261.49 157.84 
261.58 157.89 
261.74 158.08 
261.94 158.31 
262.15 158.57 
262.29 158.83 
262.44 159.14 
262.46 159.36 
262.57 159.69 
262.61 159.94 
262.66 160.19 
262.63 160.19 
262.57 160.18 
262.43 160.01 
262.08 159.78 
261.70 159.44 
261.29 159.10 
261.02 158.87 
260.76 158.67 
260.50 158.48 
260.33 158.39 
260.12 158.26 
259.91 158.17 
259.76 158.13 
259.70 158.22 
259.71 158.31 
259.84 158.59 
260.06 158.85 
260.35 159.19 
260.76 159.60 
261.02 159.88 
261.38 160.28 
261.90 160.90 
262.44 161.50 
263.15 162.28 
263.97 163.18 
264.70 164.03 
265.58 164.92 
266.43 165.85 
267.25 166.76 
268.06 167.66 
268.74 168.43 
269.34 169.13 
269.95 169.74 
270.44 170.17 
270.80 170.38 
271.18 170.53 
271.46 170.51 
271.76 170.46 
272.05 170.41 
272.25 170.32 
272.44 170.25 
272.63 170.18 
272.88 170.09 
273.14 169.92 
273.40 169.75 
273.59 169.50 
273.84 169.24 
274.09 168.98 
274.33 168.79 
274.54 168.63 
274.63 168.36 
274.71 168.13 
274.73 167.83 
274.71 167.48 
274.69 167.09 
274.58 166.69 
274.53 166.43 
274.43 166.12 
274.43 165.88 
274.39 165.71 
274.44 165.58 
274.46 165.43 
274.47 165.23 
274.45 164.96 
274.35 164.58 
274.25 164.28 
274.18 163.77 
274.07 163.27 
273.99 162.78 
273.88 162.28 
273.77 161.82 
273.62 161.45 
273.51 161.12 
273.40 160.94 
273.28 160.77 
273.14 160.64 
273.08 160.65 
273.12 160.72 
273.17 160.76 
273.20 160.95 
273.27 161.20 
273.30 161.37 
273.31 161.56 
273.34 161.75 
273.42 162.07 
273.44 162.47 
273.41 162.68 
273.45 162.90 
273.47 162.90 
273.44 162.82 
273.39 162.61 
273.34 162.47 
273.29 162.38 
273.29 162.33 
273.37 162.33 
273.50 162.32 
273.61 162.25 
273.68 161.94 
273.76 161.52 
273.80 161.05 
273.80 160.60 
273.84 160.34 
273.90 160.08 
273.98 159.88 
274.05 159.63 
274.09 159.34 
274.07 158.96 
274.02 158.60 
273.99 158.31 
274.04 158.21 
274.10 158.23 
274.17 158.27 
274.25 158.32 
274.29 158.31 
274.31 158.27 
274.34 158.24 
274.37 158.29 
274.47 158.38 
274.57 158.50 
274.67 158.67 
274.77 158.80 
274.86 158.90 
274.89 158.87 
274.96 158.88 
275.03 158.89 
275.13 158.93 
275.23 158.99 
275.35 159.12 
275.44 159.23 
275.54 159.38 
275.58 159.48 
275.65 159.60 
275.72 159.64 
275.79 159.68 
275.84 159.69 
275.87 159.75 
275.85 159.82 
275.82 159.87 
275.83 159.88 
275.83 159.87 
275.81 159.84 
275.80 159.87 
275.86 159.93 
275.91 160.00 
275.97 160.08 
276.01 160.26 
276.07 160.49 
276.17 160.72 
276.29 160.90 
276.41 161.02 
276.55 161.20 
276.71 161.47 
276.91 161.74 
277.03 161.90 
277.09 161.89 
277.05 161.80 
277.03 161.70 
276.90 161.54 
276.80 161.35 
276.70 161.04 
276.48 160.70 
276.28 160.38 
276.06 160.10 
275.79 159.71 
275.46 159.28 
275.14 158.87 
274.90 158.67 
274.72 158.59 
274.63 158.63 
274.55 158.78 
274.56 158.97 
274.56 159.24 
274.60 159.71 
274.71 160.20 
274.86 160.69 
274.96 161.21 
275.10 161.78 
275.28 162.30 
275.39 162.68 
275.47 162.96 
275.54 163.22 
275.56 163.37 
275.57 163.43 
275.64 163.52 
275.69 163.52 
275.71 163.45 
275.71 163.31 
275.70 163.29 
275.76 163.19 
275.86 163.12 
275.94 163.12 
276.08 163.24 
276.21 163.35 
276.25 163.40 
276.24 163.43 
276.18 163.42 
276.03 163.34 
275.90 163.27 
275.82 163.24 
275.84 163.32 
275.83 163.30 
275.82 163.16 
275.78 162.93 
275.71 162.68 
275.58 162.37 
275.43 162.05 
275.40 161.81 
275.39 161.64 
275.41 161.47 
275.46 161.35 
275.48 161.17 
275.37 160.83 
275.20 160.43 
274.99 159.96 
274.84 159.66 
274.69 159.42 
274.54 159.16 
274.51 158.96 
274.52 158.77 
274.55 158.65 
274.63 158.48 
274.72 158.33 
274.82 158.12 
274.94 157.91 
275.12 157.82 
275.24 157.54 
275.35 157.22 
275.40 156.82 
275.48 156.66 
275.64 156.54 
275.76 156.44 
275.88 156.28 
275.97 156.08 
275.99 155.87 
275.96 155.67 
275.91 155.45 
275.88 155.27 
275.80 155.03 
275.79 154.93 
275.81 154.95 
275.85 154.96 
275.88 154.82 
275.83 154.67 
275.75 154.66 
275.71 154.79 
275.68 154.90 
275.66 155.00 
275.71 155.13 
275.78 155.36 
275.85 155.56 
276.00 155.86 
276.15 156.23 
276.32 156.59 
276.36 156.86 
276.39 157.05 
276.40 157.17 
276.45 157.16 
276.46 157.05 
276.59 157.08 
276.72 157.27 
276.84 157.41 
277.06 157.59 
277.26 157.77 
277.43 157.91 
277.61 158.05 
277.78 158.22 
278.07 158.48 
278.35 158.75 
278.70 159.14 
279.02 159.52 
279.39 159.96 
279.66 160.14 
279.90 160.19 
280.11 160.30 
280.23 160.40 
280.37 160.55 
280.52 160.57 
280.62 160.49 
280.68 160.40 
280.69 160.15 
280.69 159.88 
280.64 159.57 
280.61 159.33 
280.56 159.04 
280.48 158.85 
280.38 158.66 
280.24 158.37 
280.10 158.04 
280.01 157.82 
279.98 157.79 
279.99 157.85 
280.07 157.95 
280.21 158.26 
280.36 158.57 
280.52 158.97 
280.70 159.31 
280.85 159.66 
281.03 160.08 
281.24 160.50 
281.54 160.97 
281.84 161.38 
282.06 161.67 
282.22 161.89 
282.51 162.17 
282.76 162.54 
282.99 162.86 
283.29 163.18 
283.57 163.41 
283.80 163.62 
284.17 163.89 
284.50 164.01 
284.82 164.12 
285.15 164.18 
285.51 164.30 
285.86 164.42 
286.22 164.60 
286.48 164.79 
286.71 164.85 
286.94 164.85 
287.07 164.72 
287.22 164.59 
287.34 164.39 
287.35 164.20 
287.37 164.09 
287.43 163.99 
287.51 163.91 
287.56 163.84 
287.57 163.72 
287.55 163.46 
287.53 163.11 
287.58 162.86 
287.68 162.73 
287.81 162.72 
287.97 162.67 
288.12 162.69 
288.26 162.64 
288.39 162.69 
288.55 162.86 
288.67 163.05 
288.82 163.25 
288.97 163.24 
289.12 163.31 
289.23 163.31 
289.32 163.27 
289.36 163.17 
289.40 163.13 
289.49 163.23 
289.60 163.31 
289.74 163.46 
289.87 163.46 
289.93 163.33 
289.98 163.08 
289.98 162.81 
290.03 162.80 
290.06 162.85 
290.21 163.05 
290.32 163.20 
290.45 163.35 
290.62 163.43 
290.73 163.44 
290.85 163.45 
290.93 163.42 
291.03 163.44 
291.09 163.44 
291.18 163.62 
291.30 163.81 
291.44 164.04 
291.61 164.25 
291.69 164.40 
291.80 164.57 
291.96 164.79 
292.07 165.00 
292.17 165.27 
292.24 165.55 
292.34 165.79 
292.41 165.89 
292.51 166.02 
292.62 166.08 
292.79 166.28 
292.99 166.65 
293.20 166.97 
293.44 167.42 
293.66 167.92 
293.82 168.37 
293.95 168.83 
294.03 169.09 
294.12 169.35 
294.22 169.59 
294.32 169.94 
294.43 170.30 
294.57 170.67 
294.63 170.93 
294.62 171.00 
294.66 171.11 
294.66 171.07 
294.65 170.96 
294.60 170.81 
294.57 170.62 
294.61 170.56 
294.65 170.44 
294.64 170.33 
294.65 170.23 
294.65 170.21 
294.67 170.31 
294.71 170.38 
294.82 170.67 
294.94 171.05 
295.06 171.45 
295.13 171.83 
295.26 172.26 
295.39 172.73 
295.55 173.19 
295.67 173.66 
295.82 174.16 
295.97 174.68 
296.17 175.16 
296.30 175.51 
296.34 175.85 
296.28 175.92 
296.16 175.85 
295.93 175.63 
295.63 175.44 
295.30 175.22 
294.94 175.10 
294.49 174.88 
294.09 174.72 
293.53 174.37 
292.87 173.99 
292.17 173.57 
291.44 173.29 
290.81 173.12 
290.23 173.00 
290.01 173.17 
289.72 173.46 
289.55 173.74 
289.23 173.96 
288.97 174.22 
288.85 174.74 
288.74 175.26 
288.81 176.06 
288.90 176.85 
288.99 177.63 
288.99 178.22 
288.95 178.82 
288.91 179.42 
288.43 179.73 
288.06 180.02 
287.69 180.30 
287.36 180.56 
286.87 180.60 
286.28 180.48 
285.60 180.27 
284.68 179.80 
283.84 179.36 
282.76 178.69 
281.59 177.93 
280.45 177.07 
279.20 176.29 
277.95 175.42 
276.77 174.62 
275.46 173.83 
274.14 173.04 
272.94 172.35 
271.52 171.42 
271.05 170.97 
270.79 170.68 
270.44 170.44 
270.36 170.56 
270.50 170.82 
270.67 171.27 
270.95 171.53 
271.30 171.88 
271.48 172.02 
271.55 172.09 
271.74 172.21 
271.60 172.08 
271.41 172.30 
270.36 172.14 
269.13 172.05 
267.84 171.96 
266.49 171.72 
264.43 172.21 
261.99 172.81 
259.55 173.53 
256.68 174.69 
253.97 176.57 
251.51 178.53 
248.99 180.67 
246.88 183.10 
245.05 185.42 
243.78 187.19 
242.94 188.33 
242.26 189.44 
241.94 189.88 
242.51 189.20 
243.42 188.20 
244.35 187.32 
245.75 186.63 
247.17 185.42 
248.68 184.70 
250.31 184.07 
251.85 183.40 
253.43 182.95 
254.42 183.42 
255.17 184.45 
255.92 185.47 
255.92 186.47 
255.76 187.86 
255.62 188.92 
255.45 189.54 
255.22 189.53 
254.99 189.50 
254.68 188.94 
254.31 188.12 
253.95 187.11 
253.38 185.76 
252.82 184.03 
252.29 182.36 
251.83 180.76 
251.77 179.84 
251.68 178.96 
251.45 178.56 
251.24 178.48 
250.94 178.36 
250.53 177.85 
250.11 177.39 
249.58 176.58 
248.90 175.63 
248.40 174.81 
247.54 173.61 
246.37 172.16 
245.12 170.63 
243.75 169.15 
242.35 167.78 
241.07 166.27 
239.90 164.70 
238.86 163.17 
237.93 162.03 
237.05 161.00 
236.28 160.44 
235.65 160.22 
235.09 160.15 
234.98 160.50 
235.16 161.07 
235.46 161.77 
235.75 162.55 
236.10 163.18 
236.44 163.86 
236.76 164.67 
237.03 165.49 
237.53 166.12 
238.05 166.58 
238.57 166.91 
239.03 167.30 
239.19 167.73 
239.26 168.11 
239.26 168.42 
239.14 168.55 
