243.68 104.17 
243.68 104.45 
243.70 104.68 
243.63 105.15 
243.74 105.92 
243.79 106.69 
243.75 107.68 
243.68 108.82 
243.78 109.88 
244.07 111.42 
244.52 113.02 
245.05 114.53 
245.61 116.27 
246.01 117.86 
246.36 119.39 
246.45 120.89 
246.37 122.13 
246.05 123.14 
245.89 124.16 
245.67 125.07 
245.44 125.80 
245.23 126.50 
244.84 126.70 
244.34 126.78 
243.64 126.81 
242.78 126.65 
242.09 126.41 
241.51 126.21 
241.27 126.05 
241.18 125.97 
241.20 125.92 
241.31 125.90 
241.44 125.88 
241.53 125.87 
241.54 125.86 
241.53 125.86 
241.46 125.79 
241.69 125.83 
242.06 125.87 
242.44 125.94 
242.74 125.99 
242.98 126.06 
243.24 126.12 
243.35 126.17 
243.31 126.19 
243.28 126.18 
243.38 126.17 
243.52 126.18 
243.80 126.16 
244.14 126.24 
244.41 126.29 
244.64 126.35 
244.87 126.31 
245.09 126.23 
245.18 126.08 
245.22 125.96 
245.29 125.83 
245.33 125.65 
245.38 125.60 
245.38 125.54 
245.48 125.62 
245.53 125.76 
245.57 125.84 
245.75 126.18 
246.35 126.56 
246.95 127.02 
247.61 127.52 
248.45 128.09 
249.34 128.66 
250.29 129.20 
251.17 129.63 
252.01 129.99 
252.96 130.19 
254.07 130.10 
255.11 129.98 
256.17 129.80 
257.16 129.29 
257.74 128.73 
258.28 128.09 
258.72 127.29 
259.07 126.47 
259.38 125.36 
259.50 124.17 
259.73 123.14 
259.66 121.92 
258.98 120.58 
258.05 119.39 
257.01 118.16 
255.89 117.02 
254.70 115.97 
253.53 114.87 
252.40 113.87 
251.34 113.00 
250.21 112.27 
249.07 111.85 
248.04 111.53 
246.70 111.34 
245.92 111.76 
245.63 112.47 
245.34 113.18 
244.97 113.94 
244.67 114.66 
244.18 115.32 
243.74 116.04 
243.28 116.75 
242.84 117.46 
242.49 118.00 
242.19 118.50 
242.07 118.90 
242.54 119.04 
242.74 118.76 
242.76 118.25 
242.59 117.41 
242.58 116.57 
242.56 115.71 
242.50 114.78 
242.37 113.82 
241.89 112.25 
241.28 110.84 
240.64 109.48 
240.16 107.99 
239.36 106.07 
238.26 104.26 
238.12 103.22 
238.65 102.92 
239.37 102.94 
240.89 103.38 
242.52 103.93 
244.38 104.62 
246.21 105.60 
248.14 107.33 
250.16 108.90 
252.28 110.39 
254.37 111.74 
256.62 113.61 
259.39 115.42 
261.47 116.32 
263.06 116.72 
264.69 116.81 
265.22 116.30 
265.66 115.68 
266.31 114.84 
266.58 113.72 
267.11 112.46 
267.51 111.22 
267.96 109.88 
268.27 108.80 
268.22 107.73 
267.50 106.27 
266.55 104.92 
265.52 103.55 
263.99 102.81 
262.77 102.24 
261.56 101.58 
260.37 100.88 
259.60 100.16 
258.52 99.68 
257.70 99.15 
256.74 98.81 
255.80 98.57 
255.25 98.50 
254.82 98.89 
254.48 99.75 
254.30 100.82 
254.59 101.56 
254.92 102.30 
255.27 103.09 
255.38 104.16 
255.62 105.07 
256.19 105.76 
256.66 106.48 
257.19 106.98 
257.75 107.19 
258.29 107.23 
258.84 107.23 
259.16 106.79 
259.40 106.17 
259.55 105.47 
259.93 104.37 
260.41 102.95 
260.89 101.53 
261.33 100.06 
261.76 98.57 
262.16 97.08 
262.51 95.78 
262.94 94.61 
263.36 93.43 
263.66 92.37 
264.04 91.63 
264.42 90.88 
264.86 90.18 
265.16 89.72 
265.33 89.65 
265.46 89.39 
265.46 89.32 
265.45 89.26 
264.85 89.27 
264.30 89.37 
263.63 89.55 
263.06 89.74 
262.67 89.93 
262.33 89.78 
261.95 89.66 
261.63 89.63 
261.18 89.77 
260.68 90.12 
260.18 90.89 
259.74 91.66 
259.31 92.31 
259.36 93.01 
259.36 93.62 
259.35 94.28 
259.27 94.92 
259.13 95.49 
258.98 96.07 
258.85 96.69 
258.67 97.26 
258.54 97.82 
258.53 98.17 
258.53 98.29 
258.46 98.99 
258.41 99.97 
258.48 100.85 
258.52 101.78 
258.48 102.74 
258.42 103.71 
258.33 104.79 
258.23 105.89 
258.16 106.92 
258.15 107.87 
258.08 108.82 
257.95 109.76 
257.91 110.71 
257.93 111.22 
257.91 111.56 
257.91 111.89 
257.99 111.95 
258.14 111.92 
258.30 111.81 
258.34 111.73 
258.38 111.62 
258.14 111.63 
257.76 111.70 
257.39 111.78 
257.01 111.91 
256.68 111.88 
256.38 111.71 
256.20 111.27 
256.22 110.58 
256.19 110.12 
256.23 109.26 
256.24 108.43 
256.39 107.47 
256.51 106.45 
256.91 105.38 
257.40 104.32 
257.98 103.28 
258.68 102.16 
259.24 101.19 
259.77 100.31 
260.16 99.64 
260.35 99.24 
260.53 98.85 
260.61 98.92 
260.70 99.03 
260.82 99.14 
261.03 99.21 
261.23 99.21 
261.43 99.13 
261.59 98.95 
261.63 98.79 
261.91 98.43 
262.18 97.98 
262.48 97.57 
262.75 97.13 
263.01 96.57 
263.29 95.95 
263.63 95.11 
263.97 94.25 
264.25 93.50 
264.52 92.61 
264.75 91.89 
264.92 91.27 
265.10 90.62 
265.04 90.18 
264.98 89.76 
264.92 89.50 
264.85 89.33 
264.80 89.26 
264.73 89.23 
264.58 89.45 
264.43 89.67 
264.26 89.98 
264.11 90.47 
264.00 90.86 
263.89 91.20 
263.78 91.49 
263.69 91.78 
263.63 92.03 
263.61 92.09 
