246.00 102.00 
244.18 103.39 
244.39 103.54 
243.56 104.40 
242.18 105.19 
242.50 104.78 
242.19 107.64 
242.58 108.36 
242.42 108.22 
242.64 110.53 
245.79 113.52 
244.86 113.43 
245.43 114.83 
245.14 116.89 
245.47 117.15 
248.12 123.49 
249.41 125.20 
249.14 124.89 
249.72 127.37 
247.41 128.26 
247.07 128.35 
243.62 127.70 
241.62 126.58 
241.61 126.61 
242.84 126.71 
242.46 126.62 
242.23 126.48 
242.75 126.22 
242.99 126.10 
242.93 126.18 
240.10 125.29 
238.55 125.34 
238.36 125.13 
239.57 125.73 
240.47 125.70 
240.46 125.55 
241.88 125.91 
244.24 126.48 
244.20 126.37 
243.46 126.37 
242.87 126.03 
242.81 126.08 
241.94 125.34 
243.12 125.82 
243.33 125.81 
243.34 125.98 
243.50 126.42 
243.63 126.61 
243.77 126.40 
243.38 126.56 
243.67 126.72 
243.83 126.23 
244.81 126.27 
244.69 126.08 
246.42 125.82 
246.34 126.41 
246.56 126.45 
246.35 126.59 
246.41 125.45 
246.33 125.44 
244.78 124.63 
244.23 124.79 
244.28 124.87 
244.20 124.46 
244.57 125.49 
244.74 125.54 
245.99 127.12 
247.10 127.58 
246.91 127.54 
248.85 130.83 
254.20 131.50 
254.24 131.50 
254.80 131.85 
255.74 132.08 
255.84 132.17 
256.64 131.89 
255.52 130.10 
255.53 130.11 
257.09 128.11 
260.48 126.02 
260.61 126.00 
260.64 125.25 
261.73 124.19 
261.74 124.27 
261.24 123.17 
260.49 121.43 
260.31 121.35 
259.94 117.83 
258.20 116.44 
258.46 116.61 
254.67 114.34 
248.26 110.65 
248.36 110.60 
247.02 109.90 
246.16 110.52 
246.24 110.45 
246.60 110.04 
246.56 110.14 
246.63 110.15 
245.72 111.89 
245.01 112.33 
244.82 112.27 
241.11 114.20 
244.48 119.79 
244.46 119.80 
244.54 119.86 
242.29 119.81 
242.30 119.80 
239.78 119.07 
240.90 119.39 
240.62 119.43 
240.94 119.38 
241.16 118.81 
241.12 118.80 
243.29 117.57 
247.13 116.03 
247.09 116.16 
244.77 113.14 
242.24 108.96 
242.17 108.89 
242.04 108.56 
239.07 106.93 
239.19 106.94 
234.32 99.09 
233.02 101.07 
232.83 101.05 
234.86 99.43 
232.91 92.59 
232.92 92.58 
245.26 102.68 
251.65 109.27 
251.68 109.15 
261.92 114.70 
263.20 115.74 
263.31 115.89 
262.83 119.66 
259.38 121.47 
259.34 121.53 
260.25 120.36 
262.10 116.98 
262.10 116.90 
269.06 116.01 
272.29 114.44 
272.31 114.44 
272.88 110.37 
268.81 108.02 
268.90 107.80 
271.81 104.94 
266.29 105.09 
266.30 105.09 
264.47 105.47 
266.13 102.90 
266.13 102.92 
261.41 102.96 
259.81 97.04 
259.87 96.98 
258.97 96.56 
252.93 100.72 
252.92 100.63 
253.24 99.29 
256.31 95.81 
256.28 95.76 
252.34 98.86 
253.76 98.56 
253.70 98.49 
253.90 99.77 
254.23 102.09 
254.24 102.09 
255.49 108.15 
256.61 110.52 
256.63 110.34 
257.24 110.23 
257.79 109.53 
257.71 109.63 
259.46 107.66 
259.70 107.83 
259.95 107.82 
260.55 105.07 
261.19 102.48 
261.21 102.58 
261.45 102.09 
259.63 102.44 
259.62 102.46 
258.64 101.29 
262.14 95.99 
264.03 91.04 
264.07 91.09 
265.16 88.57 
265.22 88.45 
265.15 88.44 
265.18 88.22 
266.70 87.26 
266.69 87.21 
265.30 88.36 
264.56 92.80 
264.55 92.73 
264.43 92.18 
266.08 90.07 
266.13 90.15 
265.88 87.59 
265.09 87.70 
265.10 87.69 
257.36 88.55 
258.02 89.56 
257.97 89.56 
259.35 89.73 
260.12 90.76 
260.18 90.90 
259.67 91.13 
260.28 91.83 
260.22 91.82 
259.61 94.73 
259.44 97.66 
259.31 97.70 
259.55 96.13 
257.96 97.58 
258.01 97.54 
257.88 98.17 
258.29 98.06 
258.24 98.09 
258.31 98.45 
257.97 99.23 
257.92 99.24 
258.58 99.09 
259.45 99.25 
259.44 99.24 
258.43 106.75 
258.90 109.00 
258.86 109.00 
258.44 109.56 
257.45 110.71 
257.47 110.66 
257.02 112.14 
257.08 112.66 
257.04 112.59 
257.79 111.61 
257.64 111.47 
257.77 111.51 
258.92 111.56 
258.65 113.40 
258.70 113.46 
258.80 113.24 
259.49 110.36 
259.41 110.25 
259.57 109.30 
257.58 111.14 
257.61 111.16 
253.88 112.73 
252.81 112.50 
252.87 112.54 
252.82 113.23 
254.65 111.13 
254.73 111.20 
256.38 107.70 
259.07 104.28 
259.14 104.33 
259.93 99.12 
259.73 98.55 
259.48 98.65 
259.10 97.86 
259.17 98.81 
259.11 98.84 
260.39 99.01 
261.97 98.69 
261.85 98.52 
261.74 99.68 
261.43 99.01 
261.46 99.06 
261.48 99.18 
260.96 100.06 
260.92 100.03 
261.11 100.07 
261.77 98.82 
261.77 98.76 
261.75 97.79 
262.51 96.66 
262.47 96.55 
265.42 93.87 
265.35 93.80 
265.25 93.72 
264.99 93.33 
264.83 91.91 
264.66 92.02 
265.37 89.09 
265.42 88.98 
265.47 89.00 
265.26 87.17 
264.72 88.51 
264.77 88.53 
264.85 88.08 
264.57 88.26 
264.64 88.27 
264.37 90.36 
264.16 91.06 
264.09 91.01 
263.78 91.64 
263.48 91.97 
263.39 91.86 
263.30 92.96 
263.32 93.58 
