191.56 180.98 
191.00 181.00 
190.41 181.03 
189.75 180.81 
188.70 180.38 
187.67 179.94 
186.58 179.33 
185.51 178.74 
184.59 178.31 
183.58 177.84 
182.61 177.58 
181.77 177.32 
180.98 177.08 
180.83 176.82 
180.72 176.61 
180.66 176.25 
180.48 176.10 
180.61 176.09 
180.72 176.09 
180.62 176.32 
180.51 176.51 
180.41 176.67 
180.27 176.89 
180.16 176.98 
180.05 177.12 
179.88 177.21 
179.60 177.27 
179.28 177.33 
178.94 177.56 
178.65 177.82 
178.32 178.23 
177.94 178.68 
177.67 178.96 
177.32 179.25 
176.90 179.51 
176.56 179.77 
176.22 180.03 
175.94 180.24 
175.67 180.50 
175.34 180.76 
174.77 181.07 
174.21 181.32 
173.64 181.57 
173.15 181.65 
172.70 181.67 
172.27 181.68 
171.89 181.74 
171.57 181.82 
171.23 181.91 
170.91 182.00 
170.56 182.09 
170.26 182.18 
170.08 182.24 
170.17 182.23 
170.28 182.22 
170.35 182.23 
170.36 182.26 
170.40 182.28 
170.47 182.30 
170.53 182.30 
170.65 182.28 
170.78 182.27 
170.94 182.25 
170.98 182.25 
170.99 182.25 
170.93 182.27 
170.91 182.28 
170.79 182.33 
170.74 182.36 
170.70 182.40 
170.67 182.46 
170.60 182.52 
170.55 182.56 
170.46 182.61 
170.37 182.65 
170.33 182.68 
170.37 182.68 
170.40 182.69 
170.51 182.68 
170.64 182.66 
170.87 182.62 
171.18 182.57 
171.90 182.53 
172.59 182.49 
173.34 182.47 
173.14 183.13 
172.95 183.79 
172.81 184.34 
172.59 184.90 
172.42 185.47 
172.21 186.05 
172.52 186.31 
172.75 186.59 
173.70 186.61 
172.82 187.78 
171.54 188.92 
170.19 190.52 
169.39 192.15 
169.55 193.11 
169.70 194.09 
169.83 195.27 
169.97 196.45 
170.10 197.61 
170.28 198.70 
169.86 200.14 
169.60 201.43 
168.69 202.90 
169.51 203.22 
170.09 203.40 
170.52 203.06 
170.34 202.66 
169.87 202.20 
169.07 201.71 
168.26 201.14 
167.44 200.56 
166.58 199.96 
165.68 199.41 
164.72 198.74 
163.61 198.19 
162.43 197.72 
161.28 197.31 
160.39 197.07 
159.71 196.88 
159.06 196.73 
158.74 196.69 
158.75 196.65 
158.79 196.68 
158.88 196.78 
159.02 196.93 
159.16 197.12 
159.38 197.43 
159.61 197.75 
159.81 198.00 
160.01 198.20 
160.19 198.37 
160.31 198.63 
160.36 198.90 
160.35 199.10 
160.33 199.31 
160.22 199.38 
160.07 199.40 
159.93 199.49 
159.78 199.54 
159.62 199.60 
159.42 199.57 
159.25 199.60 
159.05 199.65 
158.87 199.69 
158.78 199.59 
158.74 199.45 
158.72 199.32 
158.71 199.30 
158.76 199.34 
158.83 199.39 
158.94 199.35 
159.05 199.28 
159.16 199.21 
159.33 199.21 
159.51 199.20 
159.70 199.21 
159.87 199.24 
160.00 199.32 
160.09 199.38 
159.85 199.53 
159.61 199.59 
159.37 199.66 
159.12 199.70 
158.82 199.78 
158.50 199.80 
158.13 199.81 
157.72 199.83 
157.29 199.74 
156.85 199.54 
156.42 199.33 
155.97 199.03 
155.51 198.71 
155.39 198.25 
155.24 197.79 
155.13 197.34 
155.01 196.91 
154.88 196.48 
154.80 196.08 
154.83 195.72 
154.84 195.37 
154.82 195.14 
154.82 195.08 
154.82 195.01 
154.91 195.10 
155.02 195.20 
155.10 195.31 
155.23 195.40 
155.48 195.43 
155.74 195.45 
156.25 195.43 
156.85 195.32 
157.39 195.20 
158.11 194.93 
159.01 194.63 
159.89 194.26 
160.91 193.88 
162.06 193.38 
163.26 192.94 
164.41 192.44 
165.52 191.90 
166.45 191.38 
167.35 190.76 
167.96 190.14 
168.46 189.63 
168.98 189.13 
169.30 188.78 
169.49 188.46 
169.55 188.30 
169.40 188.16 
169.06 188.07 
168.64 187.97 
168.28 187.95 
167.94 188.00 
167.71 188.09 
167.69 188.43 
167.70 188.81 
168.00 189.29 
168.21 190.13 
168.44 190.95 
168.54 191.82 
168.54 192.45 
168.61 193.07 
168.43 193.63 
168.20 194.04 
167.97 194.43 
168.39 194.26 
168.98 193.69 
169.38 192.98 
169.84 192.06 
169.97 191.01 
170.18 189.61 
170.44 188.34 
170.85 187.02 
171.50 185.78 
172.20 184.42 
173.23 183.15 
174.37 182.04 
175.82 181.16 
176.72 180.79 
177.38 180.80 
178.22 180.78 
179.15 181.07 
180.12 181.38 
181.13 181.74 
182.11 181.94 
183.08 182.15 
183.95 182.49 
184.79 182.88 
185.52 183.23 
186.25 183.47 
186.68 183.24 
187.01 183.07 
187.41 182.74 
187.72 182.33 
187.88 181.82 
187.69 181.14 
187.42 179.86 
187.12 178.60 
186.81 177.25 
186.61 175.80 
186.41 174.41 
186.22 173.05 
186.04 171.72 
185.84 170.61 
185.57 169.73 
185.27 169.33 
184.90 169.04 
183.99 169.30 
183.55 169.65 
183.15 170.55 
182.65 171.27 
182.24 171.98 
181.77 172.67 
181.47 173.23 
181.19 173.83 
180.93 174.49 
180.71 175.14 
180.45 175.56 
180.12 175.65 
179.61 175.76 
179.41 175.35 
179.11 175.01 
178.73 174.72 
178.76 174.61 
178.72 174.59 
178.69 174.71 
178.58 174.95 
178.42 175.15 
178.24 175.19 
177.79 175.17 
177.46 175.16 
177.36 175.23 
177.45 175.43 
177.76 175.60 
177.97 175.77 
178.28 175.77 
