195.00 183.00 
192.89 181.39 
193.19 181.26 
192.04 180.20 
190.17 180.10 
190.14 180.05 
183.41 180.75 
182.91 180.23 
182.48 180.59 
183.39 177.35 
179.53 175.68 
179.57 175.66 
180.80 175.02 
181.18 175.40 
180.89 175.71 
180.02 175.22 
179.52 176.79 
179.22 176.79 
179.79 176.88 
181.47 177.35 
181.57 177.49 
181.68 175.95 
181.03 175.41 
181.16 175.50 
180.97 175.71 
179.52 178.01 
179.75 177.77 
179.56 177.86 
178.23 178.05 
178.15 178.04 
177.72 178.57 
177.66 178.07 
177.75 178.04 
177.45 178.25 
177.27 178.94 
177.18 178.86 
176.90 180.78 
176.07 181.62 
176.06 181.69 
175.16 181.49 
174.09 181.28 
173.82 181.38 
173.67 181.39 
174.13 181.35 
174.12 181.36 
173.55 181.46 
169.98 182.24 
170.05 182.21 
169.75 182.21 
170.47 181.76 
170.27 181.87 
170.37 181.87 
170.30 182.28 
169.91 182.33 
169.47 182.53 
169.40 182.58 
169.61 182.53 
170.29 182.50 
171.14 182.20 
171.10 182.17 
171.56 182.05 
170.64 182.26 
170.60 182.20 
170.76 182.13 
171.28 182.16 
171.16 182.20 
171.39 182.15 
171.27 182.42 
171.47 182.22 
170.13 182.56 
170.41 182.47 
170.31 182.49 
170.92 182.39 
169.94 182.66 
170.04 182.58 
170.03 182.78 
170.36 182.86 
170.35 182.95 
170.51 182.71 
170.21 182.88 
170.15 182.91 
170.99 182.65 
170.54 182.55 
170.89 182.53 
171.74 182.34 
172.62 182.15 
172.85 182.11 
174.14 182.01 
179.40 182.24 
179.27 182.28 
180.14 182.74 
167.84 191.38 
167.75 191.39 
168.38 190.05 
168.11 190.02 
168.30 189.93 
168.13 190.07 
175.87 185.68 
175.63 185.81 
185.28 182.36 
162.65 197.12 
162.69 197.11 
161.65 203.12 
169.81 203.95 
169.81 203.93 
169.82 204.13 
169.98 205.33 
169.99 205.34 
170.06 204.90 
170.44 204.33 
170.43 204.29 
172.26 202.60 
173.35 201.54 
173.33 201.32 
170.16 199.35 
167.38 198.73 
167.35 198.74 
163.74 197.97 
159.46 197.82 
159.46 197.91 
159.33 197.76 
158.79 197.11 
158.83 197.24 
157.89 195.58 
157.94 195.40 
158.01 195.41 
158.34 195.99 
158.58 196.27 
158.54 196.29 
158.85 196.68 
159.63 197.51 
159.53 197.36 
160.06 198.27 
160.53 199.00 
160.49 199.04 
160.69 199.80 
160.79 199.60 
160.86 199.56 
160.65 198.67 
160.95 198.50 
160.96 198.49 
160.06 199.73 
159.50 200.13 
159.52 200.17 
159.26 200.02 
158.60 199.22 
158.56 199.24 
158.75 200.20 
158.69 200.44 
158.66 200.43 
158.36 199.11 
158.36 199.16 
158.36 199.15 
158.62 198.92 
158.95 198.40 
158.93 198.42 
159.21 198.49 
159.18 199.78 
159.25 199.70 
159.45 199.91 
160.17 199.63 
160.22 199.57 
160.06 199.46 
160.59 199.12 
160.61 199.06 
160.90 199.29 
160.77 199.34 
160.69 199.44 
160.15 199.09 
156.02 200.55 
156.02 200.55 
156.16 200.54 
156.25 200.49 
156.28 200.57 
155.96 199.95 
155.25 199.49 
155.27 199.48 
155.09 197.88 
155.18 196.63 
155.12 196.66 
154.86 195.53 
154.19 194.88 
154.47 194.64 
154.03 194.47 
154.73 194.75 
154.63 194.94 
154.67 194.91 
154.91 194.74 
155.59 194.86 
155.43 194.87 
154.84 194.92 
155.13 195.83 
155.17 195.78 
156.05 196.74 
155.55 196.13 
155.56 196.15 
155.77 195.63 
158.01 195.15 
158.00 195.19 
161.28 194.67 
162.67 193.30 
162.68 193.28 
164.79 191.29 
166.51 191.01 
166.50 191.02 
168.43 190.85 
171.09 190.32 
171.16 190.38 
170.42 189.69 
170.22 188.49 
170.06 188.50 
169.66 187.14 
169.22 186.58 
169.20 186.69 
169.43 186.69 
168.96 186.81 
168.99 186.86 
167.26 188.88 
166.54 189.12 
166.62 189.11 
165.79 189.09 
165.71 189.33 
165.79 189.25 
167.01 189.60 
169.44 191.55 
169.35 191.56 
173.21 192.94 
172.04 197.54 
172.01 197.53 
170.29 198.21 
167.27 197.08 
167.31 197.10 
164.38 196.44 
162.74 194.35 
162.72 194.37 
171.32 187.09 
174.64 182.19 
174.71 182.22 
175.32 179.68 
174.84 179.35 
174.85 179.33 
175.29 181.08 
175.66 181.01 
175.74 181.01 
176.36 179.41 
177.74 179.93 
177.58 179.92 
181.64 182.92 
183.02 182.26 
183.20 182.28 
185.58 181.99 
187.43 183.43 
187.48 183.41 
187.94 183.96 
188.13 183.74 
188.14 183.73 
187.13 185.42 
187.25 184.50 
187.19 184.48 
187.07 182.92 
187.33 180.01 
187.29 180.02 
188.45 178.02 
189.53 176.66 
189.56 176.73 
184.97 174.61 
184.48 167.34 
184.23 167.34 
184.04 166.22 
184.59 166.51 
184.60 166.49 
184.79 166.72 
184.64 165.71 
184.79 165.63 
183.75 168.54 
184.60 172.85 
184.60 172.85 
177.81 180.13 
179.22 179.12 
179.25 179.12 
177.75 176.65 
178.76 175.44 
178.50 175.43 
180.64 173.81 
181.19 174.39 
181.23 174.41 
181.99 174.07 
180.34 173.99 
180.29 174.02 
177.93 174.32 
175.25 174.73 
175.28 174.76 
174.25 175.32 
178.28 175.23 
178.24 175.24 
178.03 176.93 
179.25 176.97 
179.17 176.92 
178.90 175.02 
176.08 173.79 
