309.00 251.00 
308.02 249.55 
308.11 249.57 
301.92 247.57 
304.43 249.70 
305.67 249.83 
304.97 251.10 
307.51 253.89 
307.93 254.00 
311.23 257.93 
310.85 255.82 
311.07 255.91 
308.90 248.85 
307.62 248.96 
307.10 248.31 
300.17 248.31 
301.06 248.58 
301.07 248.61 
300.68 247.46 
298.26 244.89 
298.72 244.99 
299.97 247.34 
306.34 248.06 
306.29 248.13 
306.38 248.60 
306.23 247.58 
308.43 247.51 
306.75 246.81 
308.85 248.22 
310.67 248.38 
310.12 248.84 
312.72 249.32 
313.05 249.81 
312.17 249.27 
313.65 248.62 
313.34 248.30 
315.21 246.59 
313.49 248.36 
312.80 248.18 
313.75 248.32 
318.17 252.47 
317.73 252.22 
317.79 255.42 
317.64 254.07 
317.88 254.34 
318.66 254.52 
322.91 256.66 
323.05 256.66 
320.27 259.31 
322.87 260.27 
322.93 260.32 
321.44 256.46 
325.45 257.22 
323.95 256.83 
324.44 259.80 
327.58 260.08 
327.29 260.00 
326.60 260.57 
323.78 259.41 
323.94 259.62 
323.89 259.00 
324.67 256.08 
325.21 256.16 
324.41 254.37 
325.02 256.44 
325.03 256.41 
327.71 259.95 
330.46 258.11 
329.37 257.93 
330.39 255.67 
331.97 257.63 
332.63 257.62 
332.92 257.93 
334.18 260.75 
334.09 260.71 
331.50 260.63 
332.44 260.06 
332.47 260.33 
331.64 261.10 
334.18 259.99 
333.87 259.87 
335.42 259.37 
332.46 259.58 
332.83 259.47 
331.63 258.78 
333.17 260.51 
333.85 260.71 
336.10 259.51 
335.48 258.33 
335.40 258.35 
333.94 256.93 
332.46 256.20 
333.52 256.78 
331.20 258.16 
331.68 258.66 
333.48 259.01 
335.87 259.78 
336.15 259.96 
334.61 259.74 
331.63 258.62 
331.41 260.49 
330.41 260.37 
331.83 260.05 
335.18 258.41 
335.80 258.56 
335.57 255.96 
334.68 256.35 
334.25 256.33 
341.30 258.33 
338.38 259.77 
339.23 260.14 
340.21 263.22 
342.11 264.01 
343.41 264.04 
340.92 264.02 
339.65 264.10 
339.30 263.93 
341.17 261.61 
341.14 263.18 
340.27 262.97 
335.84 263.23 
333.25 259.54 
334.14 259.13 
333.99 258.70 
334.09 259.24 
336.07 259.69 
332.47 259.48 
333.80 259.19 
331.25 258.55 
332.18 261.61 
335.12 262.56 
334.95 262.51 
335.31 260.71 
330.56 258.52 
331.06 258.46 
330.20 258.88 
331.47 260.15 
331.28 259.71 
331.64 257.95 
332.00 258.91 
332.15 259.05 
332.76 259.34 
333.42 262.65 
333.91 263.01 
331.90 261.01 
336.12 265.34 
336.15 265.15 
334.39 263.68 
333.95 263.02 
334.12 262.90 
333.79 261.69 
330.23 262.61 
329.08 262.58 
331.89 266.33 
333.25 269.18 
333.46 269.22 
329.40 270.30 
335.50 269.99 
333.96 269.63 
332.37 265.83 
331.68 266.21 
331.84 266.17 
339.27 272.82 
338.21 270.59 
338.42 270.63 
338.42 268.11 
339.44 269.17 
338.82 269.03 
338.51 268.61 
334.94 272.54 
335.98 272.75 
339.12 272.29 
339.72 271.12 
339.75 271.32 
336.84 271.10 
341.12 272.53 
340.30 272.22 
340.99 271.69 
340.13 271.15 
337.58 270.45 
343.33 271.07 
343.35 270.89 
343.36 270.91 
345.52 272.61 
345.61 273.55 
346.60 274.04 
336.63 271.30 
339.91 272.53 
339.71 272.40 
343.04 272.34 
336.32 270.45 
337.71 270.79 
335.54 268.71 
336.79 268.02 
336.96 268.27 
338.09 267.66 
336.53 267.18 
337.05 267.15 
337.90 271.42 
339.28 271.07 
337.25 270.08 
339.52 271.90 
337.64 270.14 
337.63 270.13 
338.10 269.55 
341.25 270.40 
341.80 270.49 
338.34 271.47 
341.31 268.77 
340.69 268.53 
342.15 269.51 
341.86 267.12 
341.60 267.08 
342.34 266.70 
341.77 266.33 
341.77 266.31 
342.84 266.43 
342.70 267.81 
342.67 267.81 
341.23 266.65 
343.05 267.96 
342.91 267.91 
344.79 268.90 
343.90 270.87 
343.56 270.76 
345.70 268.29 
344.80 267.72 
344.67 267.52 
343.44 268.91 
345.44 269.39 
345.71 269.49 
340.38 268.27 
344.77 270.02 
344.77 270.04 
343.73 266.88 
343.85 267.16 
344.10 267.24 
343.79 268.44 
347.59 268.85 
347.29 268.79 
347.71 269.93 
348.41 270.28 
348.34 270.30 
347.23 268.65 
348.71 268.28 
349.01 268.26 
346.99 268.71 
343.26 267.20 
343.36 267.23 
342.55 266.88 
341.93 267.59 
341.61 267.47 
341.39 265.87 
344.51 267.10 
344.31 267.02 
340.80 265.78 
340.19 266.12 
340.16 266.11 
341.71 264.96 
340.62 264.35 
340.52 264.37 
341.29 266.42 
340.57 269.85 
340.34 269.81 
339.21 272.62 
338.71 272.42 
339.03 272.54 
335.89 268.81 
337.76 266.38 
338.17 266.44 
336.18 264.64 
338.30 265.19 
338.60 265.02 
342.38 264.39 
338.89 263.41 
338.86 263.49 
339.06 265.46 
338.63 263.57 
338.70 263.52 
337.36 263.51 
337.63 266.13 
337.34 265.86 
337.80 264.16 
340.66 264.51 
339.62 264.26 
343.06 265.27 
343.09 264.61 
343.36 264.67 
335.65 261.66 
341.98 261.01 
342.14 261.06 
345.19 261.19 
344.56 263.56 
344.54 263.65 
350.99 268.45 
347.07 267.64 
347.96 267.99 
381.03 276.23 
379.96 273.56 
380.01 273.57 
375.57 272.22 
380.76 271.62 
380.69 271.60 
381.05 270.33 
380.75 271.12 
380.69 271.13 
380.11 271.62 
401.09 278.91 
401.02 278.91 
408.73 276.18 
417.12 278.30 
417.11 278.31 
411.07 285.02 
321.59 245.28 
321.60 245.29 
313.15 238.65 
311.75 233.26 
311.84 233.26 
304.41 223.32 
259.29 216.65 
259.16 216.70 
258.85 224.43 
277.79 238.43 
277.33 238.32 
253.14 245.03 
252.02 244.49 
251.95 244.46 
245.44 241.33 
240.73 239.01 
240.78 239.04 
264.65 242.41 
268.56 245.29 
268.64 245.31 
264.25 243.45 
266.76 240.03 
267.03 240.00 
266.51 242.58 
265.95 242.14 
265.94 242.13 
236.86 228.88 
217.18 222.56 
217.05 222.53 
214.67 218.75 
210.21 218.95 
210.59 219.05 
205.77 219.71 
200.35 220.00 
200.33 220.02 
198.68 221.86 
202.37 222.81 
202.27 222.78 
206.05 226.37 
215.95 234.10 
215.93 234.15 
218.01 235.39 
220.99 231.43 
220.72 231.39 
220.27 230.76 
216.06 232.92 
216.22 232.91 
212.08 232.33 
218.65 244.73 
218.78 244.76 
212.27 249.75 
215.63 255.17 
215.71 255.18 
216.28 265.83 
220.23 272.03 
220.24 272.03 
172.27 258.83 
165.49 245.73 
165.48 245.72 
174.59 238.59 
174.48 239.18 
174.48 239.17 
175.27 239.02 
190.44 248.53 
190.37 248.53 
194.38 257.17 
194.63 261.25 
194.61 261.26 
194.88 261.30 
194.66 259.37 
194.70 259.38 
195.00 259.22 
198.36 264.21 
198.38 264.22 
200.25 265.05 
199.40 266.58 
199.40 266.58 
197.12 264.20 
197.62 263.77 
197.62 263.77 
196.91 262.97 
195.86 261.40 
195.84 261.40 
196.81 265.09 
194.56 265.69 
194.73 265.62 
194.79 265.64 
