384.58 188.66 
384.99 188.84 
385.36 189.06 
386.11 189.31 
386.42 189.12 
386.68 188.97 
387.23 189.01 
387.73 188.86 
387.90 188.51 
388.19 188.40 
388.77 188.28 
389.16 188.19 
389.52 188.25 
389.49 188.06 
389.56 187.94 
391.08 187.61 
392.54 187.08 
394.43 186.74 
396.28 186.39 
398.14 186.00 
400.02 185.83 
403.91 184.48 
407.83 182.86 
411.46 181.57 
414.96 180.38 
418.31 179.23 
421.36 178.12 
424.32 177.03 
425.63 176.24 
426.78 175.57 
428.22 174.71 
429.72 173.86 
431.20 173.09 
432.68 172.30 
432.42 172.55 
432.02 172.81 
431.73 173.15 
431.54 173.35 
431.46 173.39 
430.98 173.54 
430.46 173.75 
430.16 173.88 
429.97 174.15 
429.35 174.56 
428.70 174.97 
427.51 175.75 
426.30 176.53 
424.89 177.44 
423.00 178.40 
421.16 179.18 
419.30 180.01 
417.22 180.57 
416.01 181.31 
414.92 181.96 
413.03 182.24 
410.89 182.68 
408.76 183.17 
406.50 183.22 
404.55 183.75 
402.61 184.29 
400.41 184.56 
398.88 185.08 
397.29 185.70 
395.62 185.83 
394.52 185.96 
393.15 185.73 
392.07 184.74 
391.96 184.06 
392.05 183.06 
391.79 182.17 
393.01 181.34 
394.47 179.63 
396.08 178.11 
397.91 176.81 
399.60 175.19 
401.30 173.92 
403.20 172.80 
404.84 171.92 
406.49 171.00 
407.88 170.73 
409.14 170.51 
410.41 170.44 
411.99 170.07 
412.24 170.06 
412.55 170.32 
412.82 170.18 
413.11 170.08 
413.35 169.95 
413.47 169.83 
413.58 170.02 
413.69 170.12 
413.77 170.39 
413.83 170.79 
413.77 171.43 
413.58 172.08 
413.44 172.89 
413.33 173.65 
413.22 174.07 
413.01 174.70 
412.97 175.46 
412.85 176.24 
412.88 176.65 
412.96 177.20 
413.00 178.06 
413.05 178.78 
413.13 179.30 
413.21 179.75 
413.40 180.06 
413.65 180.38 
413.96 180.73 
414.22 181.14 
415.60 181.60 
416.27 181.50 
417.00 181.43 
418.85 181.70 
420.46 181.75 
422.13 181.59 
424.67 181.15 
427.09 180.88 
429.66 180.42 
432.50 179.84 
434.31 179.67 
436.09 179.54 
437.17 179.90 
436.74 180.30 
436.85 181.15 
436.93 181.47 
435.90 181.52 
434.99 181.66 
434.04 182.06 
432.79 182.73 
431.59 183.42 
430.13 184.06 
428.74 184.80 
428.31 185.11 
427.99 185.36 
428.43 185.02 
429.27 184.60 
430.13 184.22 
431.52 184.14 
432.85 184.00 
434.07 183.94 
436.23 183.18 
437.82 182.47 
439.17 181.80 
441.38 180.88 
443.26 179.97 
442.97 179.40 
443.43 178.79 
443.80 178.25 
443.73 177.97 
443.70 177.59 
443.23 177.39 
442.72 177.23 
442.69 176.65 
441.72 176.51 
440.52 176.58 
439.32 176.80 
437.51 177.34 
434.41 178.00 
433.98 178.37 
432.63 178.86 
430.93 179.34 
429.99 179.59 
428.99 179.88 
428.01 180.23 
427.05 180.43 
425.72 180.95 
423.88 181.54 
422.50 182.03 
421.39 182.30 
420.35 182.51 
420.68 182.48 
420.52 182.41 
420.38 182.38 
420.51 182.45 
420.31 182.50 
420.26 182.42 
420.26 182.14 
420.30 181.99 
420.20 182.01 
420.36 182.22 
420.28 182.30 
420.08 182.38 
419.50 182.68 
418.84 183.09 
417.90 183.69 
416.76 183.99 
415.72 184.21 
414.60 184.47 
413.30 184.43 
411.93 184.54 
410.61 184.47 
409.40 184.17 
408.47 183.62 
407.44 183.55 
406.74 183.71 
406.33 183.72 
405.85 183.68 
405.53 183.27 
405.39 183.09 
405.13 182.08 
404.65 182.08 
404.21 182.50 
403.92 182.54 
403.72 182.89 
403.55 183.31 
403.23 183.61 
403.00 183.28 
402.55 182.71 
402.07 182.31 
401.89 181.87 
401.86 181.61 
401.73 181.36 
401.54 182.39 
401.62 182.38 
401.61 182.37 
401.79 183.20 
401.82 183.89 
401.65 184.47 
401.61 185.18 
401.58 186.05 
401.66 186.99 
401.77 187.72 
401.62 188.57 
401.36 189.88 
401.01 191.15 
400.83 191.98 
400.97 192.91 
401.47 193.54 
401.64 193.70 
402.20 193.79 
402.65 193.94 
403.10 194.08 
403.47 194.09 
403.55 193.98 
403.65 193.91 
403.71 193.78 
403.89 193.49 
404.26 193.24 
404.17 193.59 
403.75 193.83 
403.07 194.39 
402.39 194.93 
401.35 195.75 
400.60 196.61 
399.93 197.35 
399.34 198.28 
398.92 199.25 
398.45 200.21 
398.08 201.26 
397.71 202.01 
397.53 202.48 
397.78 202.40 
398.04 202.31 
398.47 202.24 
399.21 202.07 
399.93 201.71 
400.99 201.25 
403.17 200.53 
405.35 199.76 
407.49 199.06 
409.69 198.51 
411.81 197.92 
413.86 197.42 
415.75 197.24 
417.69 197.01 
419.50 196.62 
421.19 195.99 
422.56 195.45 
424.14 194.56 
425.33 193.92 
425.34 193.65 
425.41 193.01 
425.43 192.46 
425.47 191.77 
425.36 191.07 
425.33 190.03 
425.27 188.95 
424.96 188.03 
424.22 187.72 
423.42 187.66 
422.33 187.77 
421.14 188.16 
420.02 188.40 
417.41 188.73 
414.80 189.60 
412.27 190.31 
409.74 190.98 
407.51 191.55 
405.27 192.36 
403.06 193.02 
401.18 193.67 
399.85 193.87 
398.52 194.10 
397.35 194.31 
396.06 194.60 
394.73 194.90 
394.85 195.09 
394.89 195.12 
394.92 195.14 
394.89 195.19 
394.73 195.34 
394.68 195.57 
394.52 195.97 
394.26 196.22 
394.14 196.62 
394.16 196.96 
394.31 197.12 
394.45 197.36 
394.67 197.55 
394.93 197.77 
395.20 198.08 
395.47 198.45 
395.78 198.85 
396.13 199.21 
396.36 199.50 
396.67 199.77 
397.00 199.93 
397.39 199.43 
397.66 198.98 
398.01 199.04 
398.32 198.90 
398.58 198.79 
399.00 198.91 
399.40 198.88 
399.81 198.80 
400.06 199.03 
400.28 199.08 
400.50 199.13 
400.71 199.22 
401.02 199.43 
401.14 200.16 
401.17 200.72 
401.02 201.14 
400.94 201.70 
400.78 201.83 
400.43 201.70 
400.09 201.63 
399.74 201.42 
399.96 200.43 
400.17 199.66 
400.34 198.96 
400.50 198.05 
400.55 197.11 
400.64 195.86 
400.88 194.96 
401.20 193.68 
401.51 192.58 
402.07 191.86 
402.66 191.16 
403.16 190.36 
403.67 190.09 
403.78 190.29 
404.04 190.41 
403.27 190.90 
402.51 191.57 
401.39 191.99 
400.39 193.03 
399.33 193.91 
398.05 194.90 
396.57 195.80 
394.92 196.76 
393.06 197.76 
391.02 198.99 
388.98 199.82 
386.89 200.65 
384.72 201.58 
383.63 202.06 
382.42 202.46 
382.19 202.94 
381.80 203.09 
381.97 203.06 
382.33 203.02 
382.87 202.88 
383.30 202.62 
383.90 202.43 
384.77 202.12 
385.60 201.84 
386.83 201.46 
387.97 201.05 
389.36 200.55 
391.38 200.20 
392.79 200.03 
394.23 199.93 
395.23 200.08 
396.30 200.13 
397.43 200.16 
398.50 200.18 
399.61 200.08 
400.61 199.90 
401.72 199.82 
402.93 199.84 
404.14 199.85 
405.09 199.96 
405.55 200.00 
405.56 200.05 
405.48 199.88 
405.37 199.73 
405.26 199.57 
