381.00 188.00 
384.81 190.79 
384.18 191.10 
382.80 187.46 
385.47 186.84 
385.49 186.87 
392.08 190.39 
390.84 189.32 
390.23 189.69 
392.54 190.73 
388.27 188.53 
388.15 188.86 
388.05 188.54 
387.55 186.05 
387.07 186.20 
387.94 189.67 
390.32 185.92 
390.49 185.69 
390.28 187.67 
391.69 187.85 
391.70 187.84 
410.04 185.39 
411.56 183.86 
412.82 184.05 
412.13 184.29 
412.22 183.55 
411.97 183.86 
437.72 168.57 
438.95 168.57 
437.47 169.18 
435.94 170.25 
433.76 172.69 
431.37 173.46 
430.14 173.76 
427.03 175.04 
426.57 175.21 
431.45 172.92 
431.72 173.12 
431.43 173.58 
431.37 173.54 
434.26 171.80 
433.78 172.00 
433.67 173.58 
433.53 172.81 
432.72 173.28 
425.06 175.45 
423.32 176.48 
423.17 176.66 
424.14 178.71 
423.37 178.31 
423.21 178.49 
415.96 183.64 
415.72 183.63 
415.89 183.62 
409.18 184.57 
409.76 183.63 
409.37 183.71 
405.72 180.47 
409.31 185.03 
409.18 185.05 
398.59 180.19 
396.27 184.45 
395.77 184.69 
393.74 179.14 
390.59 190.60 
390.57 190.62 
387.32 187.20 
389.22 191.34 
389.13 191.58 
387.68 185.38 
391.43 182.14 
391.47 182.13 
395.26 172.08 
397.14 171.40 
397.34 171.40 
392.46 173.17 
409.63 168.38 
409.48 168.32 
411.48 170.86 
411.14 170.39 
411.13 170.34 
411.30 175.00 
412.30 170.85 
412.72 170.71 
412.87 170.14 
413.33 168.53 
413.54 168.53 
413.94 170.49 
412.93 168.34 
413.00 168.29 
413.51 171.73 
415.00 169.02 
414.91 169.03 
414.20 168.74 
412.84 173.35 
413.69 173.40 
414.13 171.97 
413.96 173.64 
414.15 173.79 
412.77 176.83 
411.39 178.86 
411.20 178.97 
411.52 178.16 
412.14 177.16 
412.28 177.22 
414.32 178.89 
412.67 178.81 
413.25 178.75 
414.67 180.57 
414.70 183.08 
414.64 183.09 
415.22 180.47 
413.78 182.79 
413.76 182.78 
414.56 183.21 
415.43 182.62 
415.59 182.59 
430.27 183.19 
423.02 177.50 
422.13 177.89 
437.31 182.31 
435.61 181.17 
436.38 181.10 
447.64 177.26 
446.77 176.96 
447.10 176.84 
450.71 175.31 
438.06 180.99 
438.52 180.87 
429.64 187.33 
424.59 188.34 
424.41 188.58 
423.22 182.05 
423.95 182.99 
423.87 182.97 
424.12 186.33 
431.39 185.88 
431.12 185.96 
428.23 185.15 
432.52 184.97 
432.47 184.97 
434.35 184.16 
435.37 182.92 
435.42 182.91 
435.70 183.55 
441.28 181.08 
441.17 181.11 
439.77 182.21 
452.19 176.51 
452.11 176.55 
448.68 177.31 
456.88 173.18 
457.01 173.13 
428.67 177.61 
440.27 176.15 
440.10 175.93 
434.59 179.25 
435.29 178.61 
435.16 178.58 
434.61 179.02 
439.47 174.67 
439.51 174.61 
436.54 177.40 
433.10 180.28 
433.33 180.18 
416.67 181.73 
423.03 182.39 
422.74 182.49 
417.99 182.29 
422.37 182.41 
422.31 182.43 
422.51 183.10 
422.16 181.54 
422.13 181.52 
415.55 182.25 
418.61 183.78 
418.64 183.75 
419.87 182.90 
420.95 181.42 
420.87 181.46 
420.99 182.08 
419.66 183.22 
419.75 183.12 
421.76 181.30 
422.49 179.54 
422.67 179.59 
420.78 181.79 
417.59 184.90 
417.56 184.85 
416.02 184.78 
412.39 186.82 
412.40 186.78 
408.57 189.19 
406.20 186.01 
406.15 186.03 
405.28 186.47 
404.85 180.85 
404.71 180.87 
405.44 178.73 
405.11 177.87 
405.45 177.73 
404.18 183.96 
406.98 186.97 
406.96 186.99 
406.26 186.24 
404.35 183.78 
404.39 183.73 
402.67 172.84 
399.10 186.41 
399.10 186.41 
400.96 181.38 
402.86 183.29 
402.87 183.29 
401.33 181.67 
401.16 179.59 
401.18 179.58 
400.67 181.80 
403.98 180.48 
403.97 180.50 
402.60 180.48 
400.22 186.27 
400.21 186.28 
398.98 186.21 
403.22 192.21 
403.24 192.20 
400.70 190.86 
400.79 190.88 
400.78 190.88 
402.25 191.76 
402.13 191.38 
402.04 191.43 
400.51 197.58 
397.99 197.02 
397.94 197.06 
402.08 198.37 
405.45 194.36 
405.43 194.38 
410.52 193.30 
406.62 192.77 
406.59 192.77 
405.52 190.93 
403.38 190.41 
403.35 190.42 
402.84 189.78 
402.80 193.82 
402.77 193.83 
396.84 201.59 
396.63 201.55 
396.65 201.52 
396.58 201.50 
396.96 203.90 
396.96 203.88 
397.79 202.42 
397.92 203.02 
397.93 203.02 
397.19 202.82 
398.06 203.50 
398.03 203.60 
400.35 199.92 
400.06 200.48 
400.02 200.49 
402.20 200.51 
406.32 199.28 
406.34 199.30 
410.72 197.87 
426.16 193.06 
426.22 193.03 
425.81 193.93 
425.69 195.72 
425.63 195.84 
424.59 197.06 
424.99 197.52 
425.24 197.55 
423.53 195.49 
424.13 192.21 
424.11 192.24 
427.02 187.76 
426.13 189.57 
426.32 189.49 
427.15 184.78 
426.13 186.76 
426.16 186.77 
424.13 186.67 
424.23 183.57 
424.21 183.54 
421.16 185.58 
413.92 191.40 
413.75 191.44 
409.96 193.78 
411.59 192.74 
411.48 192.73 
392.38 193.78 
393.26 196.02 
393.25 196.00 
393.34 195.43 
395.13 194.11 
395.10 194.10 
395.54 192.10 
396.67 194.05 
396.66 194.05 
396.51 194.34 
394.70 196.53 
394.72 196.52 
394.26 196.62 
393.84 196.35 
393.82 196.37 
393.60 196.28 
392.99 196.02 
392.99 196.02 
394.51 197.11 
393.43 197.29 
393.37 197.33 
395.13 199.30 
396.68 198.68 
396.72 198.67 
396.48 199.60 
397.17 199.16 
397.18 199.16 
397.40 200.38 
397.04 201.16 
397.05 201.16 
397.50 200.78 
397.51 200.81 
397.54 200.78 
397.65 199.45 
400.17 192.78 
400.12 192.80 
401.35 199.52 
400.50 197.78 
400.52 197.77 
402.69 200.67 
402.48 200.04 
402.49 200.04 
400.25 204.18 
400.36 201.43 
400.37 201.43 
400.27 201.92 
401.70 202.23 
401.66 202.24 
400.50 200.06 
399.45 205.09 
399.47 205.08 
398.42 199.34 
398.15 199.07 
398.12 199.08 
397.88 197.33 
403.14 191.33 
403.16 191.34 
402.55 192.37 
402.33 190.03 
402.33 190.03 
402.87 186.07 
403.63 188.38 
403.50 188.37 
403.50 190.83 
405.76 189.97 
405.80 189.96 
404.58 188.64 
404.55 193.90 
404.51 193.90 
406.63 192.93 
392.50 198.74 
392.48 198.73 
387.69 195.43 
389.87 199.69 
389.89 199.70 
386.84 201.23 
384.29 202.53 
384.33 202.53 
381.62 202.95 
378.07 204.65 
378.11 204.59 
377.24 204.71 
378.38 205.01 
378.37 205.02 
376.84 203.98 
384.68 201.63 
384.76 201.60 
392.20 199.33 
391.41 200.72 
391.37 200.76 
389.89 199.07 
389.39 200.58 
389.38 200.57 
388.87 201.01 
393.22 199.73 
393.23 199.71 
396.43 198.52 
403.08 199.40 
403.08 199.39 
403.49 200.29 
405.24 201.36 
405.28 201.35 
405.98 201.10 
403.80 199.30 
403.78 199.35 
402.44 198.15 
403.31 200.03 
408.94 199.93 
408.91 199.89 
