183.67 182.80 
182.91 182.71 
182.16 182.59 
180.80 182.49 
179.01 182.34 
177.21 182.20 
175.12 182.09 
173.02 181.95 
171.21 181.79 
169.31 181.65 
167.72 181.54 
166.50 181.42 
165.30 181.36 
164.45 181.43 
163.91 181.49 
163.35 181.55 
163.06 181.56 
162.94 181.58 
162.86 181.61 
162.83 181.62 
162.80 181.67 
162.81 181.72 
162.94 181.75 
162.99 181.78 
163.04 181.80 
163.17 181.81 
163.35 181.79 
163.56 181.77 
163.69 181.74 
163.77 181.75 
163.98 181.76 
164.06 181.81 
164.09 181.85 
163.98 181.90 
163.82 181.94 
163.63 181.98 
163.32 182.00 
163.03 182.03 
162.70 182.07 
162.40 182.10 
162.11 182.10 
161.86 182.11 
161.63 182.10 
161.31 182.09 
161.13 182.03 
160.94 181.97 
160.87 181.88 
160.85 181.81 
160.88 181.73 
161.08 181.67 
161.26 181.60 
161.43 181.54 
161.51 181.44 
161.59 181.36 
161.55 181.31 
161.50 181.26 
161.38 181.23 
161.19 181.23 
160.96 181.23 
160.77 181.25 
160.52 181.30 
160.27 181.37 
159.93 181.42 
159.63 181.47 
159.32 181.51 
159.10 181.59 
158.82 181.65 
158.71 181.70 
158.63 181.75 
158.61 181.76 
158.65 181.77 
158.69 181.78 
158.77 181.83 
158.86 181.83 
158.91 181.84 
158.96 181.85 
159.01 181.88 
159.07 181.91 
159.08 181.94 
159.09 182.00 
159.00 182.07 
158.93 182.13 
158.84 182.28 
158.74 182.41 
158.76 182.56 
158.85 182.95 
158.95 183.33 
159.06 183.67 
159.22 184.01 
159.33 184.33 
159.49 184.65 
159.80 184.82 
160.17 184.96 
160.76 185.04 
161.69 185.32 
162.64 185.54 
163.84 185.81 
165.17 185.95 
166.38 185.81 
167.64 185.67 
168.96 185.61 
170.23 185.56 
171.53 185.49 
172.91 185.37 
174.18 185.39 
175.64 185.29 
177.01 185.16 
178.04 184.81 
179.00 184.35 
179.55 183.85 
179.89 183.49 
179.88 183.23 
179.48 183.17 
179.02 183.07 
178.53 183.01 
177.95 182.93 
177.22 182.92 
176.26 182.81 
175.15 182.78 
173.92 182.85 
172.86 182.96 
171.86 183.22 
171.03 183.44 
170.22 183.67 
169.85 183.86 
169.84 183.84 
169.90 183.88 
170.03 183.97 
170.23 184.09 
170.43 184.30 
170.92 184.56 
171.39 184.87 
171.83 185.13 
172.14 185.35 
172.41 185.54 
172.56 185.85 
172.58 186.19 
172.49 186.46 
172.37 186.75 
172.07 186.94 
171.75 187.06 
171.45 187.21 
171.16 187.27 
170.85 187.37 
170.40 187.43 
170.02 187.55 
169.62 187.66 
169.23 187.76 
169.00 187.73 
168.87 187.65 
168.76 187.59 
168.72 187.59 
168.80 187.61 
168.86 187.68 
168.82 187.76 
168.76 187.84 
168.63 187.92 
168.59 188.09 
168.51 188.27 
168.46 188.46 
168.31 188.70 
168.12 188.96 
167.85 189.23 
167.29 189.47 
166.67 189.66 
166.03 189.88 
165.45 190.03 
164.93 190.14 
164.52 190.22 
164.14 190.22 
163.79 190.17 
163.49 190.05 
163.28 189.81 
163.15 189.54 
163.05 189.21 
163.02 188.80 
163.28 188.40 
163.52 187.95 
163.97 187.43 
164.40 186.91 
164.86 186.39 
165.24 185.90 
165.72 185.51 
166.17 185.12 
166.46 184.81 
166.67 184.69 
166.89 184.58 
167.16 184.58 
167.39 184.60 
167.62 184.63 
167.91 184.66 
168.29 184.68 
168.62 184.72 
169.30 184.69 
170.17 184.44 
170.98 184.18 
172.14 183.56 
173.68 182.85 
175.17 182.05 
176.89 181.22 
178.91 180.26 
180.99 179.33 
183.03 178.35 
185.05 177.31 
186.78 176.34 
188.94 175.28 
190.77 174.27 
192.39 173.47 
194.14 172.65 
195.45 172.19 
196.51 171.81 
197.07 171.57 
197.30 171.41 
197.16 171.31 
196.90 171.23 
196.63 171.27 
196.37 171.39 
196.20 171.55 
195.84 172.09 
195.46 172.65 
195.19 173.63 
192.45 175.40 
189.80 177.17 
187.04 178.99 
184.64 180.65 
182.35 182.26 
179.95 183.86 
177.62 185.33 
175.34 186.74 
173.21 187.47 
171.19 187.79 
168.95 187.82 
166.69 187.67 
164.28 187.08 
164.21 185.72 
164.20 184.50 
164.36 183.21 
164.67 181.95 
165.00 180.59 
165.55 179.31 
166.15 178.14 
167.17 177.23 
168.11 176.94 
168.85 177.03 
169.72 177.10 
170.76 177.46 
171.83 177.83 
172.94 178.25 
174.00 178.52 
175.01 178.80 
175.98 179.24 
176.90 179.71 
177.70 180.13 
178.48 180.43 
178.79 180.26 
179.01 180.14 
179.25 179.87 
179.31 179.50 
179.24 179.02 
178.97 178.20 
178.43 176.94 
177.88 175.68 
177.28 174.22 
176.75 172.61 
176.25 171.04 
175.79 169.51 
175.33 168.13 
174.92 166.98 
174.62 166.11 
174.42 165.68 
174.26 165.36 
173.98 165.52 
174.00 165.90 
174.23 166.67 
174.53 167.25 
174.99 167.92 
175.41 168.58 
175.95 169.10 
176.47 169.62 
177.01 170.11 
177.59 170.58 
177.95 170.75 
178.18 170.64 
178.21 170.56 
178.14 170.03 
177.99 169.62 
177.79 169.30 
177.79 169.23 
177.67 169.27 
177.74 169.43 
177.67 169.75 
177.58 170.02 
177.45 170.16 
177.09 170.25 
176.84 170.35 
176.78 170.52 
176.96 170.80 
177.34 171.06 
177.75 171.31 
178.00 171.35 
