248.00 108.00 
249.87 108.84 
249.28 108.69 
250.40 109.71 
253.85 111.49 
251.46 110.55 
255.91 113.85 
257.25 114.54 
257.12 114.57 
259.63 119.42 
262.46 122.81 
264.43 123.36 
261.62 123.66 
265.86 128.58 
263.44 127.18 
261.92 135.83 
261.88 137.52 
262.13 137.65 
268.75 140.10 
272.35 141.97 
272.79 141.95 
274.86 143.97 
274.80 144.78 
275.11 144.80 
275.39 143.95 
275.11 142.55 
275.74 142.89 
274.70 141.27 
274.62 141.08 
274.56 141.09 
274.62 140.63 
274.06 142.05 
275.25 142.33 
273.42 141.18 
271.61 140.29 
271.96 140.46 
266.70 138.71 
266.18 139.12 
266.35 139.14 
266.85 140.26 
269.38 140.52 
267.54 139.98 
269.37 139.90 
267.17 138.44 
267.30 138.55 
265.97 138.26 
264.88 141.16 
264.37 141.22 
265.51 141.71 
264.60 141.01 
265.23 141.05 
265.79 139.95 
266.15 139.56 
267.03 139.54 
267.93 137.92 
262.05 137.20 
262.37 137.22 
262.14 137.36 
267.94 137.67 
267.74 137.69 
266.91 137.95 
266.89 139.70 
266.80 139.69 
265.68 139.43 
268.02 141.59 
267.61 141.35 
266.18 142.91 
264.45 142.65 
264.26 142.70 
261.39 144.64 
258.81 146.39 
258.84 146.33 
258.64 146.46 
260.81 148.05 
260.27 147.67 
259.92 146.69 
260.93 144.74 
261.74 144.99 
258.92 142.34 
258.98 139.11 
259.47 139.31 
260.24 138.69 
256.06 137.03 
256.11 137.12 
255.12 134.68 
258.32 133.63 
258.82 133.59 
263.81 132.33 
266.57 132.40 
266.57 132.55 
268.34 131.70 
270.07 128.38 
269.93 128.37 
272.85 128.15 
272.05 129.10 
272.04 129.23 
273.14 129.14 
272.42 128.60 
271.95 128.47 
270.68 130.30 
271.01 131.29 
270.56 131.20 
273.02 133.35 
274.26 137.66 
273.96 137.62 
273.54 137.05 
277.79 138.83 
277.15 138.40 
279.13 139.19 
277.72 138.74 
277.74 138.84 
277.41 138.45 
276.34 136.44 
276.98 136.65 
278.86 135.39 
280.02 133.24 
279.69 133.17 
282.59 131.54 
282.26 127.71 
282.33 127.74 
282.59 127.74 
283.15 127.22 
282.57 127.07 
286.42 123.52 
284.09 124.21 
283.98 124.08 
285.73 122.94 
288.49 119.92 
288.55 119.94 
285.20 123.01 
281.82 125.76 
281.94 125.76 
277.92 127.03 
276.88 128.59 
276.93 128.47 
276.16 132.68 
273.84 136.10 
273.86 136.27 
272.73 134.92 
273.79 132.29 
274.02 132.44 
273.24 131.58 
271.64 130.00 
272.07 130.13 
273.16 127.39 
268.24 125.13 
268.43 125.28 
272.78 122.97 
267.20 123.39 
266.98 123.09 
265.66 124.31 
269.24 122.34 
269.36 122.43 
263.71 122.71 
263.43 119.33 
263.33 119.36 
262.36 119.40 
257.28 122.84 
256.98 122.75 
257.62 122.00 
260.72 120.26 
260.84 120.48 
256.86 122.84 
259.79 123.24 
259.74 123.22 
259.94 124.58 
260.23 126.72 
260.23 126.71 
260.54 131.60 
261.78 134.02 
261.86 133.98 
263.43 133.97 
264.72 133.62 
264.88 133.50 
266.46 131.58 
267.77 132.10 
267.75 132.11 
267.88 129.93 
268.83 128.15 
268.84 128.14 
268.88 127.52 
266.87 127.49 
266.90 127.52 
265.88 126.72 
269.10 122.32 
271.77 118.28 
271.84 118.24 
273.84 115.80 
274.01 115.82 
273.86 115.87 
274.93 116.02 
276.48 115.27 
276.36 115.30 
275.56 116.72 
274.19 120.70 
274.22 120.71 
274.49 120.38 
276.47 118.51 
276.58 118.48 
276.70 116.69 
274.63 116.90 
274.64 116.91 
268.37 118.14 
266.68 118.31 
266.73 118.31 
266.08 117.80 
265.13 118.11 
264.54 118.00 
264.78 118.11 
264.24 118.39 
264.20 118.33 
262.59 120.25 
261.37 121.62 
261.30 121.61 
261.80 120.36 
259.71 121.42 
259.94 121.46 
259.40 121.93 
260.03 121.47 
260.16 121.51 
260.52 122.11 
259.50 122.43 
259.68 122.35 
260.40 122.12 
262.19 122.30 
262.12 122.31 
260.12 127.78 
261.12 130.06 
261.18 130.08 
261.71 131.30 
261.90 132.81 
261.95 132.83 
262.56 134.44 
263.25 135.05 
263.22 135.04 
264.32 134.27 
264.86 134.46 
265.14 134.47 
267.91 135.53 
267.94 137.23 
267.90 137.23 
267.85 137.19 
269.26 134.91 
269.20 134.91 
269.14 133.91 
264.83 134.48 
264.83 134.47 
259.39 136.30 
256.87 136.00 
256.80 136.04 
255.81 136.61 
259.16 134.16 
259.16 134.17 
260.89 130.71 
263.40 127.60 
263.37 127.60 
264.27 123.79 
263.26 123.24 
262.97 123.21 
262.65 122.68 
262.86 123.16 
262.82 123.11 
264.81 123.93 
267.09 124.29 
267.03 124.34 
267.29 125.07 
266.48 124.48 
266.57 124.48 
266.20 124.39 
265.83 125.18 
265.83 125.18 
266.30 124.98 
266.84 124.29 
266.90 124.28 
266.64 123.51 
267.69 122.73 
267.68 122.72 
271.59 119.87 
271.02 119.84 
270.87 119.83 
270.16 119.42 
269.13 118.24 
268.92 118.12 
270.75 115.21 
273.08 115.34 
273.08 115.36 
274.17 114.52 
274.11 115.75 
274.10 115.74 
274.99 115.76 
274.63 115.57 
274.62 115.56 
274.53 117.46 
272.10 117.98 
272.06 117.95 
271.63 118.11 
269.35 117.57 
269.10 117.46 
269.39 118.42 
269.06 119.05 
