306.10 249.66 
306.24 249.97 
306.51 250.30 
307.22 251.09 
307.43 251.58 
307.67 252.07 
307.66 251.90 
307.56 251.75 
307.49 251.65 
306.88 251.56 
306.81 251.63 
306.55 251.55 
306.17 251.36 
305.65 250.89 
304.97 250.20 
304.36 249.69 
303.98 248.93 
303.63 248.34 
303.27 247.77 
303.06 247.68 
303.13 247.57 
303.10 247.45 
303.77 247.44 
304.51 247.43 
305.21 247.45 
306.13 247.59 
307.27 247.97 
308.31 248.30 
309.36 248.40 
309.90 248.42 
310.58 248.30 
311.13 248.28 
311.64 248.33 
312.04 248.39 
312.92 248.82 
313.61 249.13 
314.15 249.67 
314.73 250.07 
315.13 250.46 
315.56 250.82 
316.39 251.39 
317.11 252.01 
317.64 252.86 
318.23 253.91 
318.96 254.83 
319.62 255.47 
320.52 256.15 
320.97 256.49 
321.48 257.07 
322.24 257.43 
322.98 257.88 
323.65 258.36 
324.04 258.74 
324.12 258.97 
324.19 259.15 
324.53 258.90 
324.71 258.58 
324.82 258.13 
325.10 258.12 
325.06 258.06 
325.35 258.30 
325.81 258.17 
325.95 258.00 
326.19 257.67 
326.60 257.44 
327.28 257.31 
327.97 257.18 
328.77 257.31 
329.49 257.67 
329.98 258.01 
330.59 258.45 
331.17 258.75 
331.68 259.11 
332.17 259.11 
332.43 259.25 
332.90 259.36 
333.06 259.66 
333.13 259.80 
333.05 259.89 
333.07 260.09 
333.04 260.08 
333.20 259.99 
333.50 259.82 
333.73 259.69 
333.84 259.42 
333.91 259.05 
333.86 258.80 
333.65 258.67 
333.36 258.61 
333.44 258.57 
333.67 258.59 
334.02 258.68 
334.13 258.62 
333.96 258.46 
333.60 258.54 
333.21 258.70 
332.94 258.83 
333.03 258.94 
333.29 259.12 
333.45 259.06 
333.71 258.92 
333.91 258.74 
334.51 258.69 
334.71 258.69 
334.94 258.70 
335.38 258.97 
336.18 259.38 
337.10 259.65 
337.91 259.94 
338.52 260.25 
338.83 260.67 
339.25 260.91 
339.67 261.47 
340.10 261.97 
340.23 262.51 
339.61 262.60 
339.28 262.55 
338.88 262.44 
338.41 262.13 
337.94 261.80 
337.10 261.45 
336.55 261.08 
335.91 260.65 
335.36 260.47 
334.89 260.54 
334.42 260.49 
334.04 260.32 
333.63 259.96 
333.46 259.87 
333.16 259.86 
332.97 259.97 
332.75 260.00 
332.41 259.87 
332.37 259.83 
332.24 259.81 
332.36 259.87 
332.45 259.95 
332.36 259.99 
332.13 259.87 
332.19 260.23 
332.62 260.74 
332.88 261.14 
333.16 261.46 
333.37 261.67 
333.56 261.83 
333.45 262.18 
333.23 262.47 
333.21 263.03 
333.25 263.78 
333.25 264.29 
332.90 264.85 
333.18 265.54 
333.01 265.87 
332.72 265.92 
332.51 266.12 
332.35 266.36 
332.74 267.12 
333.09 267.81 
333.72 268.42 
334.43 268.85 
335.02 269.06 
335.44 269.05 
335.83 269.01 
336.26 269.18 
336.30 269.39 
336.70 269.60 
337.26 270.00 
337.88 270.40 
338.26 270.78 
338.41 270.75 
338.57 270.88 
338.76 270.96 
338.90 271.20 
338.75 271.29 
339.10 271.45 
339.47 271.63 
340.12 271.50 
340.85 271.49 
341.35 271.59 
341.88 271.81 
341.64 271.81 
341.88 271.92 
341.77 271.91 
341.98 271.92 
341.62 271.82 
341.44 271.80 
341.28 271.66 
340.78 271.43 
340.29 271.23 
339.88 270.98 
339.19 270.56 
338.53 270.06 
337.86 269.86 
338.06 269.84 
337.86 269.66 
337.84 269.62 
337.43 269.45 
337.53 269.42 
337.56 269.33 
338.00 269.46 
338.38 269.65 
338.49 269.90 
338.74 269.98 
339.06 270.09 
339.45 270.27 
339.76 269.94 
339.93 269.63 
340.33 269.37 
340.50 268.94 
340.82 268.65 
341.22 268.36 
341.57 268.23 
341.68 268.03 
341.64 267.73 
342.00 267.46 
342.12 267.39 
342.44 267.42 
342.57 267.53 
342.70 267.81 
343.02 267.90 
343.21 267.98 
343.43 268.07 
343.56 268.27 
343.76 268.50 
343.99 268.63 
343.81 268.67 
344.09 268.92 
344.22 269.08 
344.28 269.00 
344.21 268.87 
344.22 268.59 
344.24 268.41 
344.39 268.46 
344.58 268.54 
344.81 268.72 
345.19 268.83 
345.42 268.90 
345.54 268.83 
346.18 268.83 
346.50 268.70 
346.67 268.60 
346.64 268.62 
346.60 268.63 
346.48 268.60 
346.34 268.53 
345.88 268.43 
345.42 268.20 
345.18 267.98 
344.86 267.73 
344.28 267.39 
343.74 267.19 
343.08 267.03 
342.52 266.77 
342.03 266.44 
341.82 266.22 
341.66 266.16 
341.51 266.38 
341.39 266.55 
341.20 266.95 
340.99 267.45 
340.57 267.87 
339.93 268.01 
339.69 268.06 
339.54 268.08 
339.23 267.97 
338.97 267.99 
338.81 268.04 
338.95 268.04 
338.77 267.81 
338.64 267.32 
338.54 266.98 
338.50 266.29 
338.50 265.60 
338.37 264.91 
338.50 264.70 
338.47 264.66 
338.44 264.49 
338.79 264.48 
338.89 264.41 
339.23 264.43 
339.28 264.44 
339.63 264.54 
339.38 264.40 
339.60 264.06 
339.87 263.87 
340.37 263.69 
340.93 263.69 
341.46 263.50 
342.51 263.70 
343.22 263.96 
343.78 264.23 
346.96 265.15 
349.80 265.79 
352.64 266.48 
355.12 267.06 
358.59 267.83 
361.57 268.64 
364.57 269.36 
367.31 270.12 
370.09 270.70 
372.83 271.32 
376.68 272.12 
380.82 272.98 
385.49 273.61 
388.26 273.77 
391.12 274.14 
393.52 275.02 
389.38 272.95 
384.84 270.93 
379.65 268.40 
374.32 265.55 
369.01 262.63 
363.14 258.95 
353.84 254.72 
342.91 249.93 
331.97 245.74 
321.89 242.83 
311.13 239.75 
298.52 237.19 
286.30 234.07 
280.94 234.01 
275.08 233.71 
269.51 233.74 
264.05 234.19 
260.42 234.90 
257.66 236.59 
258.38 238.79 
258.77 240.85 
259.38 242.05 
258.55 242.17 
257.72 242.50 
258.71 242.27 
259.79 242.09 
258.63 240.90 
256.46 239.45 
254.64 238.19 
252.63 236.63 
248.44 234.82 
243.98 232.80 
239.14 230.83 
234.22 229.02 
229.10 227.48 
223.84 226.08 
218.91 224.56 
214.01 223.07 
209.41 221.86 
207.80 222.27 
207.70 223.16 
207.78 224.15 
208.26 225.12 
209.07 226.08 
209.82 226.98 
210.62 228.00 
211.84 229.00 
212.74 229.94 
214.28 231.70 
215.54 233.39 
216.31 235.46 
217.04 237.67 
217.02 239.29 
217.05 241.73 
217.22 244.55 
217.16 247.67 
213.44 249.79 
209.23 250.95 
205.35 251.94 
202.14 252.37 
199.24 252.90 
195.84 252.47 
192.49 252.03 
190.80 251.93 
188.86 251.41 
187.21 251.56 
185.55 251.20 
183.58 250.38 
181.64 249.55 
183.37 249.60 
185.62 250.65 
187.89 251.69 
189.72 253.66 
191.55 255.59 
193.54 257.58 
195.39 259.70 
196.08 261.09 
196.60 262.29 
196.85 262.80 
197.08 262.99 
197.26 263.13 
197.33 263.14 
197.42 263.29 
197.58 263.73 
197.55 264.23 
197.27 264.33 
196.99 264.44 
196.57 264.49 
196.21 264.41 
195.84 264.35 
195.82 264.42 
195.68 264.23 
195.55 264.05 
