312.56 123.22 
312.47 123.39 
312.49 123.56 
312.47 123.92 
312.43 124.31 
312.36 124.79 
312.35 125.24 
312.40 125.71 
312.59 125.96 
312.74 126.29 
312.94 126.64 
313.32 126.86 
313.68 127.01 
314.05 127.22 
314.49 127.45 
314.85 127.72 
315.13 128.11 
315.45 128.54 
315.81 128.83 
316.08 129.27 
316.29 129.70 
316.31 130.38 
316.33 131.04 
316.25 131.63 
316.04 132.18 
315.82 132.67 
315.53 133.14 
315.25 133.42 
314.95 133.77 
314.77 133.97 
314.57 134.09 
314.42 134.12 
314.39 133.94 
314.37 133.73 
314.45 133.42 
314.64 133.02 
314.86 132.67 
315.30 132.14 
315.84 131.57 
316.44 130.96 
317.14 130.32 
317.95 129.61 
318.72 128.93 
319.46 128.35 
320.13 127.90 
320.75 127.52 
321.29 127.20 
321.71 127.03 
322.06 126.95 
322.40 126.85 
322.43 126.97 
322.39 127.17 
322.35 127.35 
322.24 127.59 
322.05 127.86 
321.88 128.10 
321.74 128.28 
321.63 128.40 
321.52 128.53 
321.46 128.61 
321.71 128.41 
321.95 128.21 
322.21 127.99 
322.45 127.74 
322.69 127.50 
322.90 127.34 
323.17 126.97 
323.43 126.57 
323.69 126.18 
324.24 125.49 
324.79 124.81 
325.37 124.06 
325.86 123.41 
326.08 122.99 
326.32 122.57 
326.50 122.24 
326.77 121.90 
327.08 121.57 
327.42 121.17 
327.67 120.97 
327.96 120.72 
328.29 120.41 
328.33 120.38 
328.39 120.30 
328.46 120.27 
328.62 120.13 
328.76 120.01 
328.94 119.78 
329.20 119.50 
329.25 119.40 
328.99 119.45 
328.73 119.49 
328.43 119.61 
328.01 119.88 
327.53 120.23 
327.10 120.55 
326.81 120.79 
326.51 121.04 
326.17 121.29 
325.89 121.52 
325.54 121.85 
325.05 122.34 
323.27 123.79 
321.73 125.10 
320.24 126.37 
318.83 127.59 
317.51 128.70 
316.13 129.80 
314.83 130.84 
313.38 131.99 
311.86 133.19 
310.32 134.47 
308.75 135.74 
307.25 137.02 
305.78 138.22 
305.83 138.23 
305.97 138.16 
305.97 138.10 
305.93 138.04 
305.78 138.16 
305.66 138.36 
305.41 138.67 
305.03 139.19 
304.76 139.66 
304.55 140.03 
304.35 140.40 
304.12 140.71 
303.98 140.97 
303.81 141.27 
303.57 141.60 
303.40 141.98 
303.26 142.31 
303.33 142.37 
303.43 142.35 
303.49 142.38 
303.70 142.13 
303.85 141.90 
303.91 141.62 
303.97 141.27 
303.97 141.00 
304.02 140.52 
304.03 139.93 
304.04 139.38 
304.05 138.77 
304.01 138.18 
303.88 137.68 
303.75 137.18 
303.64 136.61 
303.50 136.11 
303.39 135.47 
303.20 135.05 
303.02 134.69 
302.77 134.40 
302.34 134.33 
301.96 134.34 
301.69 134.29 
301.45 134.33 
301.23 134.39 
301.00 134.42 
300.70 134.34 
300.43 134.28 
300.17 134.11 
299.74 134.18 
299.48 134.11 
299.17 134.06 
298.87 133.85 
298.69 133.64 
298.35 133.44 
297.56 133.23 
296.74 132.98 
295.98 132.65 
295.32 132.28 
294.71 132.01 
294.02 131.79 
293.52 131.37 
293.13 130.86 
292.80 130.31 
292.44 129.72 
292.16 129.19 
291.92 128.53 
291.91 127.78 
292.25 127.11 
292.59 126.47 
292.87 125.98 
293.05 125.54 
293.26 125.13 
293.61 124.70 
293.78 124.56 
293.96 124.45 
294.09 124.42 
294.28 124.42 
294.43 124.32 
294.56 124.51 
294.63 124.77 
294.64 125.08 
294.74 125.40 
294.85 125.67 
295.03 125.87 
295.18 126.07 
295.26 126.24 
295.39 126.44 
295.68 126.58 
296.00 126.67 
296.27 126.83 
296.76 127.06 
297.26 127.12 
297.85 127.16 
298.54 127.17 
299.14 127.15 
299.75 127.25 
300.22 127.50 
300.71 127.74 
301.27 128.01 
301.76 128.26 
302.09 128.52 
302.35 128.76 
302.73 128.95 
302.93 129.16 
303.16 129.34 
303.38 129.57 
303.55 129.77 
303.72 129.92 
303.91 129.93 
304.20 129.82 
304.52 129.56 
304.72 129.12 
304.95 128.67 
304.97 128.20 
305.18 127.69 
305.30 127.19 
305.22 126.73 
305.07 126.19 
304.83 125.64 
304.70 125.09 
304.50 124.47 
304.25 123.87 
303.98 123.22 
303.64 122.64 
303.36 122.21 
303.13 121.67 
303.00 121.22 
302.77 120.78 
302.45 120.50 
302.41 120.21 
302.38 120.04 
302.36 119.81 
302.28 119.56 
302.30 119.42 
302.32 119.34 
302.35 119.40 
302.42 119.50 
302.53 119.68 
302.64 120.01 
302.84 120.29 
303.08 120.72 
303.36 121.01 
303.56 121.29 
303.71 121.63 
303.87 122.05 
303.99 122.49 
304.03 122.98 
304.22 123.27 
304.39 123.52 
304.39 123.85 
304.44 124.06 
304.42 124.24 
304.34 124.42 
304.31 124.47 
304.33 124.49 
304.20 124.66 
304.33 124.84 
304.43 125.01 
304.50 125.20 
304.55 125.44 
304.42 125.83 
304.20 126.91 
304.03 128.05 
303.77 129.25 
303.59 130.27 
303.66 131.26 
303.64 132.25 
303.82 132.97 
304.03 133.58 
304.05 134.11 
304.03 134.61 
303.97 135.03 
304.04 135.32 
304.17 135.51 
304.36 135.13 
304.63 134.62 
305.05 133.94 
305.47 133.47 
305.67 133.08 
305.97 132.70 
305.99 132.76 
306.10 132.81 
306.12 132.97 
306.08 133.25 
306.11 133.58 
305.95 134.04 
305.88 134.49 
305.87 134.83 
305.85 135.30 
305.62 136.00 
305.35 136.63 
305.13 137.27 
304.78 137.93 
304.52 138.39 
304.28 138.84 
304.21 139.22 
304.27 139.47 
304.26 139.94 
304.46 140.26 
304.51 140.68 
304.50 141.15 
304.53 141.45 
304.62 141.70 
304.71 142.10 
304.78 142.58 
304.87 143.04 
305.12 143.38 
305.96 143.07 
306.70 142.72 
307.45 142.37 
308.32 141.61 
309.15 140.91 
310.01 140.07 
311.04 139.08 
312.04 138.12 
313.08 137.06 
314.16 135.86 
315.26 134.54 
316.32 133.40 
317.20 132.26 
317.52 131.75 
317.90 131.23 
318.26 130.60 
318.56 130.16 
318.89 129.63 
319.08 129.42 
319.17 129.32 
319.13 129.42 
319.05 129.66 
318.85 129.93 
318.50 130.35 
318.25 130.56 
317.99 130.90 
317.75 131.29 
317.50 131.74 
317.24 132.36 
317.16 132.81 
316.93 133.38 
316.80 133.76 
316.76 134.04 
316.78 134.13 
316.82 134.17 
316.96 134.00 
317.20 133.62 
317.38 133.26 
317.57 132.77 
317.68 132.23 
317.71 131.65 
317.63 131.15 
317.50 130.67 
317.49 130.17 
317.34 129.75 
317.09 129.38 
316.92 128.99 
316.53 128.56 
315.96 128.36 
315.41 128.22 
314.80 128.26 
314.11 128.44 
313.50 128.62 
312.88 128.87 
312.30 128.94 
311.59 129.14 
310.91 129.26 
310.24 129.33 
309.54 129.47 
308.85 129.56 
307.96 129.87 
307.19 130.13 
306.54 130.31 
306.02 130.31 
305.57 130.32 
305.21 130.21 
304.70 130.13 
304.25 130.14 
303.75 130.14 
303.33 130.20 
303.03 130.21 
302.71 130.32 
302.01 130.75 
301.74 131.00 
301.33 131.34 
301.10 131.54 
300.78 131.75 
300.69 131.72 
300.34 131.99 
300.17 132.13 
299.79 132.41 
299.60 132.38 
299.33 132.36 
298.84 132.46 
298.39 132.55 
298.32 132.37 
298.26 132.15 
298.17 131.91 
297.79 131.89 
297.46 131.91 
296.84 132.28 
296.40 132.46 
295.90 132.67 
295.54 132.79 
295.04 133.24 
294.41 133.79 
294.01 134.09 
293.60 134.30 
293.37 134.33 
293.29 134.44 
293.39 134.48 
293.58 134.52 
293.71 134.32 
293.92 133.98 
294.10 133.59 
294.27 133.26 
294.50 132.88 
294.67 132.52 
295.01 132.08 
295.34 131.76 
295.61 131.45 
295.70 131.35 
295.60 131.25 
295.45 131.36 
295.16 131.41 
294.89 131.66 
294.68 131.84 
294.54 132.02 
294.48 132.11 
294.51 132.14 
294.56 132.21 
294.58 132.27 
294.63 132.23 
294.87 131.99 
295.10 131.71 
295.32 131.44 
295.61 130.97 
295.93 130.58 
296.25 130.30 
296.48 130.20 
296.66 130.16 
296.83 130.05 
296.84 130.04 
296.66 130.33 
296.47 130.62 
296.21 131.06 
295.74 131.73 
295.26 132.40 
294.86 133.06 
294.44 133.77 
294.03 134.48 
293.47 135.18 
292.94 135.70 
292.41 136.22 
291.92 136.82 
291.54 137.44 
291.38 137.71 
291.36 137.86 
291.39 137.93 
291.51 137.97 
291.63 137.73 
291.78 137.43 
291.94 137.06 
292.11 136.75 
292.41 136.30 
292.73 135.91 
292.93 135.62 
293.04 135.30 
293.13 134.93 
293.29 134.42 
293.43 133.78 
293.56 133.19 
293.82 132.56 
294.11 132.13 
294.32 131.75 
294.44 131.43 
294.53 131.12 
294.62 130.85 
294.80 130.63 
295.14 130.38 
295.52 130.13 
295.72 130.11 
295.73 130.39 
295.62 130.91 
295.53 131.50 
295.27 132.20 
294.98 132.97 
294.57 133.86 
294.17 134.77 
293.80 135.61 
293.41 136.40 
292.86 137.23 
292.27 138.02 
291.65 138.93 
291.46 139.44 
291.38 139.79 
291.38 139.92 
291.59 139.94 
291.84 139.87 
291.52 140.18 
291.35 140.36 
291.26 140.46 
290.95 140.64 
290.74 140.78 
290.60 140.81 
290.40 140.91 
290.19 141.10 
289.74 141.47 
289.46 141.89 
288.99 142.54 
288.29 143.24 
287.63 143.93 
287.37 144.29 
287.08 144.67 
286.74 144.95 
286.41 145.14 
285.99 145.42 
285.56 145.52 
285.15 145.53 
284.77 145.31 
284.36 145.05 
283.74 144.72 
283.23 144.36 
282.62 143.91 
281.88 143.40 
281.30 142.82 
280.63 142.21 
279.91 141.47 
279.42 140.73 
278.90 139.86 
278.34 139.01 
277.82 138.19 
277.26 137.45 
276.74 136.74 
276.25 136.05 
275.77 135.44 
275.44 134.92 
275.19 134.47 
274.86 134.04 
274.52 133.72 
274.27 133.63 
274.01 133.53 
273.69 133.69 
273.42 134.02 
273.27 134.33 
273.11 134.69 
272.95 135.06 
272.65 135.61 
272.46 136.02 
272.23 136.44 
271.94 136.88 
271.75 137.38 
271.66 137.82 
271.70 138.17 
271.78 138.44 
271.94 138.58 
272.14 138.58 
272.14 138.68 
272.19 138.65 
272.32 138.54 
272.56 138.40 
272.67 138.32 
272.77 138.33 
272.79 138.41 
