312.00 123.00 
312.72 122.68 
312.78 121.80 
312.86 121.85 
312.34 124.17 
312.62 124.95 
312.63 124.95 
311.44 127.19 
312.62 126.44 
312.62 126.40 
312.31 126.98 
311.78 128.83 
311.78 128.83 
312.75 129.18 
315.10 125.93 
314.79 126.11 
315.51 126.38 
317.22 126.97 
317.27 126.97 
317.42 127.62 
317.22 130.17 
317.30 130.04 
316.25 131.47 
316.47 132.55 
316.39 132.61 
315.39 134.47 
315.48 134.77 
315.35 134.80 
315.05 134.72 
314.48 134.01 
314.49 134.07 
314.38 133.37 
313.64 133.79 
313.64 133.80 
313.35 134.54 
313.88 134.16 
313.91 134.05 
314.40 133.08 
315.05 132.05 
315.23 132.03 
316.40 130.80 
317.45 129.47 
317.35 129.52 
320.31 127.12 
321.34 126.02 
321.45 125.81 
322.74 125.45 
323.85 125.42 
323.85 125.33 
323.58 126.50 
323.09 127.17 
323.06 127.14 
322.26 127.91 
321.90 128.48 
321.93 128.47 
321.78 128.19 
320.69 128.77 
320.87 128.56 
320.98 128.20 
321.29 128.56 
321.40 128.85 
321.57 128.52 
321.83 128.77 
321.69 128.77 
321.52 128.79 
321.57 128.97 
325.12 125.85 
325.06 125.87 
325.09 125.33 
323.80 125.61 
324.03 125.38 
323.67 126.20 
324.84 123.68 
324.73 123.68 
325.04 123.49 
328.92 119.79 
328.87 119.87 
329.14 119.06 
327.84 120.48 
327.98 120.44 
328.21 120.42 
327.38 121.05 
327.38 121.18 
328.05 121.05 
328.09 121.09 
328.10 121.06 
328.54 120.39 
329.33 119.43 
329.35 119.44 
329.65 118.79 
330.02 118.65 
330.01 118.68 
329.71 118.95 
330.63 117.45 
330.75 117.34 
327.95 119.91 
324.75 121.71 
324.70 121.65 
324.18 122.56 
323.10 123.94 
323.09 123.96 
323.79 123.57 
325.90 121.96 
326.05 121.86 
325.67 121.89 
326.02 121.89 
326.10 121.81 
324.42 123.66 
304.72 138.80 
304.61 138.85 
305.33 138.20 
305.95 138.33 
305.88 138.39 
305.19 138.24 
306.98 137.00 
307.02 136.96 
306.39 137.40 
305.63 138.53 
305.57 138.43 
306.57 138.51 
305.25 139.17 
305.44 139.04 
306.35 137.92 
305.42 137.43 
305.40 137.49 
303.87 139.91 
303.67 140.94 
303.68 140.97 
302.15 143.76 
302.93 143.46 
302.90 143.38 
302.98 143.24 
303.54 142.50 
303.49 142.53 
303.20 142.95 
303.21 142.25 
303.18 142.29 
303.55 141.85 
304.83 140.71 
304.94 140.63 
304.45 141.43 
304.87 140.48 
304.89 140.51 
303.75 139.64 
303.72 138.78 
303.58 138.93 
304.07 136.35 
303.37 135.20 
303.34 135.18 
303.30 134.32 
303.04 134.21 
303.10 134.16 
303.26 134.22 
303.05 134.02 
303.04 133.98 
303.49 132.12 
301.24 134.24 
301.35 134.06 
300.34 135.21 
298.49 135.38 
298.42 135.39 
299.88 134.43 
300.15 134.93 
300.21 134.89 
300.04 134.58 
299.45 133.25 
299.51 133.17 
299.62 131.75 
297.98 133.09 
297.79 133.35 
297.34 133.30 
296.37 132.58 
296.23 132.67 
294.02 132.80 
289.54 131.63 
289.44 131.72 
290.35 130.51 
291.50 129.82 
291.59 129.79 
290.54 130.24 
293.05 126.35 
293.01 126.37 
293.43 126.31 
292.75 125.59 
292.62 125.71 
293.17 124.03 
293.84 123.05 
293.99 122.95 
293.85 123.45 
293.93 124.12 
293.89 124.13 
294.27 124.39 
295.14 124.66 
295.22 124.59 
295.43 124.94 
295.08 125.80 
295.23 125.62 
294.60 124.47 
294.78 126.48 
294.77 126.39 
294.13 127.01 
295.20 127.66 
295.28 127.56 
296.29 126.79 
296.19 126.93 
296.21 126.92 
296.91 127.10 
299.23 126.77 
299.23 126.98 
298.66 127.78 
300.99 127.42 
301.31 127.25 
302.50 126.88 
303.08 127.22 
302.89 127.40 
303.24 128.85 
302.42 130.05 
302.60 129.99 
303.40 130.48 
303.34 130.28 
303.46 130.12 
302.68 130.19 
303.56 130.17 
303.62 130.12 
304.24 129.66 
305.37 129.80 
305.30 129.86 
305.06 129.39 
305.81 128.96 
306.11 128.58 
306.80 126.69 
306.03 124.69 
306.33 124.51 
303.74 124.02 
305.34 123.51 
305.20 123.63 
302.54 124.16 
302.22 122.71 
302.27 122.66 
303.70 122.69 
302.37 121.28 
302.55 121.23 
302.63 120.10 
302.47 119.07 
302.39 119.09 
303.26 117.59 
302.07 118.07 
302.31 117.82 
301.08 119.99 
301.95 120.39 
301.93 120.51 
302.03 119.67 
302.64 119.41 
302.61 119.46 
302.78 120.26 
303.07 120.81 
303.39 120.44 
303.76 121.40 
304.68 121.87 
304.65 121.79 
305.41 123.34 
304.80 123.84 
304.52 124.03 
303.85 124.87 
304.11 125.15 
304.18 125.03 
303.17 125.93 
305.29 124.04 
305.28 123.98 
303.33 124.73 
304.50 124.11 
304.38 124.26 
303.60 124.16 
305.05 123.97 
304.98 124.07 
302.92 126.25 
305.48 127.30 
305.49 127.28 
305.09 127.54 
303.70 129.04 
303.68 129.05 
302.38 138.10 
301.19 139.61 
301.06 139.61 
302.09 137.53 
304.54 137.04 
304.77 136.79 
307.31 133.49 
305.68 134.13 
305.71 134.16 
305.14 133.81 
304.35 133.03 
304.56 132.83 
305.46 131.57 
304.77 133.05 
304.69 133.07 
306.64 130.78 
307.55 131.42 
307.12 131.87 
308.68 131.85 
307.60 134.35 
307.04 134.70 
305.96 136.28 
304.58 137.46 
304.80 137.36 
302.51 138.76 
304.42 137.45 
304.66 137.37 
304.45 139.24 
303.71 139.89 
304.08 139.61 
304.25 140.22 
304.05 140.34 
304.19 140.34 
303.92 140.65 
305.11 141.12 
305.39 140.74 
304.62 143.55 
305.09 142.86 
305.12 142.98 
304.54 143.49 
304.84 143.10 
304.82 143.13 
305.29 144.84 
305.14 146.39 
305.21 146.29 
307.51 144.85 
314.80 136.53 
314.74 136.64 
315.14 136.06 
315.94 133.73 
315.86 133.80 
316.36 132.02 
317.83 130.67 
317.89 130.61 
318.25 129.29 
319.35 129.31 
319.43 129.22 
319.09 131.49 
318.92 129.97 
318.95 129.97 
319.66 129.85 
319.85 127.87 
319.84 127.99 
320.09 126.93 
318.90 129.37 
319.02 129.32 
317.37 131.85 
317.18 132.48 
316.73 132.84 
314.87 134.63 
315.82 134.24 
315.64 134.38 
315.81 134.99 
316.42 135.76 
316.42 135.87 
318.89 133.90 
317.07 134.28 
317.16 134.27 
318.53 132.99 
317.65 133.07 
317.70 133.00 
318.48 130.54 
318.07 129.70 
318.16 129.65 
318.10 127.96 
317.17 127.97 
316.80 128.25 
315.46 129.41 
317.20 127.63 
316.84 127.74 
315.22 128.82 
315.33 128.17 
315.47 128.10 
312.60 127.30 
310.99 127.94 
310.95 127.96 
310.23 130.14 
309.19 130.25 
309.15 130.31 
308.74 131.59 
307.99 130.31 
307.94 130.21 
308.08 129.26 
306.41 129.79 
306.28 129.96 
306.50 129.26 
301.04 131.28 
300.95 131.38 
302.48 130.31 
303.56 130.13 
303.30 130.42 
304.49 128.86 
302.06 130.58 
302.19 130.40 
301.50 130.17 
302.52 130.05 
302.53 129.98 
302.16 131.34 
297.33 134.89 
297.55 134.53 
295.65 135.75 
299.45 132.91 
299.47 132.90 
302.16 129.95 
299.88 132.38 
299.90 132.36 
297.13 134.10 
299.06 129.80 
299.07 129.81 
296.08 131.27 
296.34 132.54 
296.34 132.56 
296.78 131.65 
294.57 132.63 
294.54 132.66 
295.13 133.06 
294.12 134.80 
294.19 134.76 
293.31 135.08 
292.53 135.69 
292.52 135.66 
290.90 136.85 
290.87 135.28 
290.94 135.22 
293.36 132.96 
295.81 133.11 
295.81 133.10 
297.01 133.13 
296.86 130.45 
296.88 130.42 
296.57 129.76 
295.46 130.76 
295.46 130.75 
294.78 131.03 
295.23 131.09 
295.23 131.09 
294.41 131.17 
294.55 131.73 
294.55 131.73 
293.82 134.61 
293.30 133.74 
293.31 133.74 
294.14 132.77 
294.73 131.99 
294.74 131.97 
295.81 131.18 
295.46 131.91 
295.47 131.89 
295.92 130.58 
297.56 128.03 
297.56 128.03 
297.40 128.24 
297.48 128.61 
297.48 128.61 
297.50 130.13 
297.10 131.41 
297.03 131.45 
297.04 130.63 
295.94 131.07 
293.02 135.67 
293.00 135.68 
292.58 136.29 
291.42 136.68 
291.39 136.71 
292.16 136.84 
292.10 137.83 
292.09 137.83 
290.27 139.17 
290.16 138.22 
290.15 138.24 
290.66 138.43 
290.99 139.17 
291.02 139.15 
292.72 137.67 
292.94 137.14 
292.93 137.15 
293.03 133.66 
294.11 132.95 
294.11 132.95 
294.32 133.83 
294.20 133.31 
294.25 133.24 
292.73 134.40 
292.13 134.32 
292.10 134.33 
293.13 132.48 
294.62 129.40 
294.65 129.38 
296.33 129.01 
296.77 128.02 
296.83 128.01 
295.73 128.83 
295.39 129.82 
295.38 129.82 
296.55 130.43 
297.17 131.08 
297.17 131.09 
294.59 134.06 
293.29 136.12 
293.27 136.17 
293.37 137.03 
292.94 138.11 
293.02 138.02 
291.56 139.64 
290.54 140.65 
290.54 140.65 
290.27 140.10 
289.46 141.29 
289.46 141.29 
289.11 142.98 
292.20 140.69 
292.21 140.68 
293.22 137.85 
296.16 137.20 
296.14 137.20 
288.85 142.11 
289.36 141.98 
289.43 141.92 
286.46 143.06 
287.57 141.85 
287.62 141.79 
286.85 142.49 
286.44 145.48 
286.38 145.53 
288.58 146.12 
287.03 146.35 
287.06 146.30 
287.58 146.06 
285.51 146.89 
285.51 146.89 
285.04 145.46 
282.16 145.56 
282.15 145.55 
281.91 143.12 
281.53 142.60 
281.55 142.58 
281.02 142.16 
280.52 141.77 
280.50 141.79 
279.06 140.36 
277.96 139.45 
277.97 139.44 
276.82 138.90 
275.72 135.86 
275.69 135.88 
275.41 134.23 
274.71 132.06 
274.73 132.05 
274.30 132.94 
274.22 132.85 
274.18 132.88 
274.25 133.83 
274.74 133.60 
274.74 133.60 
273.61 133.94 
272.44 134.65 
272.44 134.66 
272.34 134.64 
271.24 136.34 
271.24 136.34 
272.80 135.97 
272.13 137.68 
272.14 137.67 
270.28 140.03 
271.81 139.10 
271.80 139.09 
270.89 139.35 
271.21 140.46 
271.24 140.38 
273.03 139.19 
273.34 138.12 
273.33 138.13 
273.84 136.30 
272.77 137.30 
