191.00 183.00 
186.91 183.18 
187.00 183.26 
184.06 182.93 
179.47 182.76 
178.75 182.56 
173.25 181.06 
168.82 181.36 
169.80 181.23 
166.35 181.54 
163.83 181.38 
163.52 181.39 
163.75 181.56 
163.73 181.14 
163.43 181.13 
162.23 181.38 
163.42 181.47 
163.65 181.28 
163.16 181.71 
162.12 182.03 
161.80 182.09 
162.54 181.98 
162.55 181.73 
162.31 181.67 
162.54 181.79 
163.34 181.72 
163.29 181.76 
163.59 181.79 
163.94 181.74 
164.11 181.79 
164.26 181.66 
164.79 181.73 
164.47 181.79 
164.54 181.86 
164.25 181.54 
163.54 181.92 
165.11 181.75 
163.55 182.43 
163.68 182.31 
161.89 182.43 
161.53 182.29 
161.42 182.22 
160.14 182.08 
160.48 182.08 
160.56 182.15 
160.57 182.18 
160.66 181.85 
161.04 181.73 
160.62 181.79 
160.97 181.67 
161.17 181.58 
161.13 181.58 
160.97 181.27 
161.28 181.33 
161.90 181.16 
162.75 181.28 
162.81 181.27 
162.69 181.31 
161.58 180.84 
161.73 180.88 
160.52 181.09 
159.93 181.17 
159.45 181.27 
158.71 181.49 
158.15 181.61 
158.48 181.50 
158.09 182.08 
158.58 181.97 
158.40 182.00 
158.92 181.91 
158.70 181.87 
158.64 181.78 
158.17 181.74 
159.03 181.68 
158.85 181.77 
159.25 181.41 
159.16 181.66 
158.74 181.74 
159.45 182.11 
159.27 182.11 
159.21 182.12 
159.07 182.17 
159.57 182.24 
159.52 182.23 
158.80 182.21 
158.26 182.54 
157.90 182.53 
157.92 182.60 
157.99 183.32 
157.94 183.40 
159.04 183.70 
160.57 187.13 
160.62 187.11 
160.61 186.57 
161.13 186.50 
160.95 186.47 
161.66 186.33 
162.86 184.46 
162.96 184.37 
165.60 183.51 
170.03 186.25 
170.42 186.18 
173.55 186.98 
176.26 185.43 
176.37 185.32 
177.01 185.27 
177.64 185.85 
177.63 185.84 
177.87 185.59 
179.66 184.69 
179.38 184.72 
181.95 183.09 
183.40 181.90 
183.38 181.71 
182.97 180.10 
180.68 180.56 
180.60 180.66 
176.30 182.02 
171.70 184.47 
171.71 184.61 
171.28 184.99 
170.25 184.53 
170.30 184.56 
166.89 183.37 
167.48 182.71 
167.45 182.76 
169.62 183.08 
169.98 183.51 
169.82 183.43 
170.11 183.63 
171.46 184.50 
171.63 184.27 
172.52 185.14 
172.94 186.11 
172.78 186.13 
172.86 187.21 
173.27 186.77 
173.63 186.84 
173.22 186.02 
173.58 186.01 
173.54 186.01 
171.78 187.39 
170.33 188.02 
170.34 188.03 
170.02 188.04 
168.61 187.61 
168.76 187.65 
168.90 188.12 
169.12 188.06 
169.24 188.05 
167.80 187.57 
168.27 187.53 
168.38 187.47 
168.41 187.31 
168.77 186.97 
168.71 187.02 
168.93 187.30 
169.50 188.02 
169.62 187.86 
169.51 188.54 
168.42 189.23 
168.31 189.05 
167.56 189.08 
167.24 189.80 
167.27 189.83 
167.67 190.00 
166.50 190.35 
166.33 190.38 
165.22 190.54 
161.57 190.48 
161.50 190.50 
161.24 190.63 
161.97 190.56 
161.70 190.58 
162.98 190.11 
162.60 189.08 
162.79 189.13 
163.26 188.32 
165.05 186.83 
164.79 186.83 
165.01 186.08 
164.79 185.30 
164.95 185.27 
164.57 184.64 
167.16 183.93 
167.52 183.80 
167.65 183.72 
167.98 183.78 
168.76 184.06 
168.67 184.07 
167.08 184.19 
167.72 185.32 
167.69 185.34 
168.46 186.13 
167.88 185.58 
167.87 185.58 
168.38 185.02 
172.07 184.25 
171.91 184.32 
176.40 183.26 
179.34 180.60 
179.35 180.59 
183.77 176.01 
187.09 174.96 
187.07 174.97 
189.94 174.59 
194.79 173.61 
194.84 173.58 
194.45 172.75 
194.55 171.59 
194.63 171.65 
200.02 170.43 
200.13 170.18 
200.43 170.16 
202.08 169.97 
200.83 169.98 
200.92 170.03 
194.25 171.92 
192.97 172.44 
192.96 172.37 
191.49 172.54 
190.89 173.27 
191.16 173.17 
192.49 173.68 
195.30 177.45 
195.23 177.44 
196.94 183.02 
166.37 193.00 
166.35 193.01 
164.99 193.67 
163.14 193.42 
163.11 193.44 
161.83 193.12 
161.29 191.58 
161.30 191.57 
163.51 182.69 
166.23 177.78 
166.24 177.80 
165.82 175.50 
165.46 175.37 
165.49 175.35 
166.25 177.18 
167.08 176.99 
167.12 177.00 
167.45 175.84 
168.97 176.40 
168.99 176.41 
174.59 179.63 
175.77 178.93 
175.83 178.94 
177.62 178.69 
179.32 180.18 
179.29 180.18 
179.95 180.85 
180.07 180.68 
180.11 180.67 
179.73 182.66 
179.46 181.95 
179.41 181.94 
179.10 180.29 
178.62 177.37 
178.59 177.40 
178.95 175.39 
178.41 173.89 
178.46 173.91 
175.72 169.56 
173.01 164.41 
172.87 164.39 
172.25 161.71 
172.93 161.64 
172.95 161.64 
173.38 162.08 
173.21 162.38 
173.23 162.37 
174.67 166.10 
176.35 169.81 
176.33 169.80 
174.90 175.90 
175.94 174.46 
175.99 174.45 
176.73 171.96 
178.30 170.33 
178.32 170.29 
179.99 168.30 
180.18 168.81 
180.20 168.81 
180.74 168.52 
179.33 168.37 
179.35 168.38 
176.70 168.75 
174.01 169.04 
174.00 169.04 
173.44 170.37 
176.75 170.93 
176.72 170.94 
179.24 172.34 
179.04 172.41 
179.04 172.40 
178.50 170.61 
176.08 169.64 
