250.89 109.88 
251.34 110.18 
251.59 110.42 
252.30 111.17 
253.32 112.25 
254.44 113.37 
255.48 114.57 
256.86 116.16 
257.90 117.57 
258.88 119.66 
259.76 121.80 
260.40 123.81 
261.72 126.08 
262.99 128.25 
264.18 130.36 
265.55 132.62 
266.71 134.57 
267.69 136.26 
268.53 137.84 
269.57 139.30 
270.33 140.40 
271.20 141.48 
272.17 141.88 
273.15 142.16 
274.11 142.39 
274.52 142.54 
274.74 142.56 
274.79 142.50 
274.54 142.22 
274.32 141.89 
273.67 141.42 
272.97 141.05 
272.29 140.79 
271.61 140.59 
271.20 140.53 
270.65 140.44 
270.25 140.35 
269.68 140.18 
269.16 139.91 
268.44 139.60 
267.79 139.60 
267.23 139.67 
266.74 139.77 
266.57 139.94 
266.50 140.09 
266.46 140.15 
266.40 140.10 
266.22 140.03 
266.25 139.87 
265.69 139.66 
265.32 139.57 
264.92 139.47 
265.08 139.43 
265.30 139.16 
265.49 138.91 
265.60 138.75 
265.77 138.65 
265.80 138.53 
265.97 138.65 
266.08 138.79 
266.02 139.05 
265.75 139.42 
265.92 139.84 
265.85 140.41 
265.59 141.10 
264.89 141.77 
264.19 142.44 
263.72 143.22 
263.21 143.83 
262.68 144.37 
262.32 144.78 
261.83 145.04 
261.16 145.12 
260.61 144.83 
260.23 144.57 
259.92 144.26 
259.51 143.68 
259.30 142.97 
259.02 142.07 
258.99 141.08 
258.84 139.97 
259.11 138.79 
259.62 137.69 
260.05 136.75 
260.56 135.73 
261.42 134.66 
262.26 133.83 
263.29 132.97 
264.20 132.23 
265.43 131.63 
266.74 131.02 
268.07 130.55 
269.12 130.15 
270.03 129.90 
270.59 129.82 
270.89 129.73 
271.39 129.79 
271.84 130.25 
272.14 130.96 
272.42 131.63 
272.80 132.45 
273.19 133.16 
273.74 133.93 
274.09 134.67 
274.50 135.46 
274.92 136.23 
275.36 136.70 
275.82 137.11 
276.46 137.43 
276.99 137.42 
277.41 137.08 
278.07 136.61 
278.74 135.89 
279.09 135.04 
279.51 134.22 
279.82 133.30 
280.20 132.40 
280.86 131.22 
281.38 130.13 
281.97 129.17 
282.64 128.12 
283.38 126.93 
284.03 125.91 
284.46 125.13 
284.40 124.68 
284.38 124.53 
284.04 124.48 
283.60 124.54 
283.12 124.64 
282.63 125.07 
281.66 126.04 
280.87 126.96 
280.00 127.80 
279.09 128.52 
277.97 129.48 
276.79 130.38 
275.75 130.92 
275.00 131.25 
274.33 131.38 
273.58 131.23 
272.93 130.98 
272.61 130.55 
271.92 129.84 
271.40 128.84 
270.77 127.91 
270.50 126.95 
270.15 126.19 
269.36 125.44 
268.61 124.50 
267.97 123.68 
267.22 122.86 
266.00 122.51 
265.14 122.32 
264.30 122.07 
263.38 121.86 
262.89 121.64 
262.11 121.62 
261.65 121.54 
260.92 121.60 
260.20 121.77 
259.93 122.08 
259.69 122.65 
259.47 123.59 
259.43 124.71 
259.78 125.57 
260.28 126.43 
260.82 127.33 
261.14 128.35 
261.57 129.20 
262.41 129.91 
263.03 130.60 
263.65 131.11 
264.34 131.39 
265.00 131.49 
265.66 131.56 
266.15 131.24 
266.55 130.74 
266.86 130.18 
267.29 129.28 
267.83 128.10 
268.37 126.93 
268.93 125.72 
269.41 124.47 
269.88 123.22 
270.42 122.14 
271.01 121.15 
271.59 120.17 
272.11 119.33 
272.67 118.81 
273.24 118.29 
273.90 117.80 
274.46 117.51 
274.83 117.52 
275.21 117.41 
275.27 117.49 
275.32 117.58 
274.89 117.75 
274.26 117.93 
273.51 118.16 
272.72 118.35 
271.92 118.46 
271.18 118.25 
270.45 118.05 
269.66 117.90 
268.71 117.88 
267.64 118.02 
266.46 118.40 
265.43 118.76 
264.45 119.03 
263.78 119.28 
263.26 119.52 
262.70 119.80 
262.23 120.08 
261.85 120.34 
261.54 120.66 
261.13 120.99 
260.78 121.30 
260.49 121.59 
260.46 121.75 
260.52 121.80 
260.43 122.27 
260.38 123.02 
260.49 123.68 
260.63 124.44 
260.82 125.28 
260.97 126.15 
261.15 127.15 
261.36 128.14 
261.65 129.11 
262.00 130.03 
262.35 130.98 
262.57 131.92 
263.02 132.93 
263.62 133.66 
264.14 134.21 
264.65 134.76 
265.24 135.04 
265.80 135.20 
266.35 135.28 
266.53 135.28 
266.65 135.24 
266.35 135.34 
265.78 135.47 
265.16 135.59 
264.44 135.75 
263.77 135.65 
263.09 135.41 
262.55 134.91 
262.21 134.18 
261.75 133.61 
261.38 132.76 
260.92 131.94 
260.78 131.07 
260.62 130.16 
260.88 129.15 
261.34 128.16 
261.96 127.23 
262.82 126.28 
263.43 125.52 
264.05 124.82 
264.48 124.34 
264.73 124.10 
264.95 123.86 
265.07 123.97 
265.26 124.11 
265.52 124.25 
265.84 124.38 
266.15 124.46 
266.45 124.49 
266.67 124.40 
266.71 124.28 
267.06 123.94 
267.35 123.53 
267.69 123.18 
267.97 122.79 
268.19 122.31 
268.43 121.77 
268.81 121.00 
269.33 120.26 
269.81 119.58 
270.37 118.82 
270.94 118.23 
271.43 117.69 
272.00 117.15 
272.23 116.82 
272.51 116.49 
272.79 116.31 
272.94 116.20 
273.17 116.18 
273.37 116.18 
273.27 116.36 
272.96 116.52 
272.68 116.76 
272.28 117.10 
271.89 117.36 
271.53 117.57 
271.08 117.70 
270.67 117.85 
270.44 118.05 
270.25 118.08 
