302.89 276.70 
302.77 276.69 
302.64 276.59 
302.37 276.50 
301.96 276.37 
301.29 276.13 
300.30 275.84 
299.05 275.44 
298.03 274.67 
295.86 274.08 
293.20 273.36 
289.99 272.51 
286.15 271.70 
282.13 271.49 
278.07 271.67 
273.87 272.27 
269.95 272.89 
266.21 273.56 
262.79 274.41 
259.78 275.27 
257.06 276.23 
254.18 277.73 
252.99 279.13 
252.62 280.85 
252.92 282.81 
253.97 284.69 
255.21 285.76 
256.58 286.34 
258.07 286.41 
259.59 286.45 
261.12 286.46 
262.75 286.39 
264.74 286.40 
266.75 286.41 
268.82 286.34 
270.45 286.19 
271.77 285.84 
273.08 285.48 
274.37 285.15 
275.59 285.02 
276.84 284.98 
278.08 285.11 
279.08 285.20 
279.99 285.28 
280.68 285.50 
280.82 286.03 
280.96 286.59 
280.76 287.14 
280.37 287.68 
280.00 288.20 
279.29 288.50 
278.45 288.83 
277.50 289.11 
276.53 289.42 
275.48 289.61 
274.42 289.81 
273.37 289.91 
272.42 289.85 
271.64 289.41 
270.77 288.96 
270.04 288.58 
269.49 288.23 
269.05 287.90 
268.85 287.69 
268.72 287.37 
268.77 287.09 
268.82 286.87 
268.95 286.80 
269.02 286.82 
269.16 286.99 
269.16 287.13 
269.11 287.32 
269.13 287.47 
269.15 287.61 
269.11 287.72 
269.01 287.81 
268.91 287.93 
268.83 288.09 
268.73 288.32 
268.64 288.53 
268.47 288.76 
268.37 288.93 
268.12 289.14 
267.96 289.36 
267.81 289.54 
267.54 289.80 
267.33 290.00 
267.11 290.23 
266.82 290.61 
266.64 290.96 
266.41 291.46 
266.18 291.99 
265.95 292.49 
265.70 293.13 
265.43 293.75 
265.27 294.38 
265.13 295.01 
265.02 295.62 
265.01 296.19 
265.01 296.71 
265.13 297.21 
265.22 297.60 
265.27 298.04 
265.42 298.33 
265.67 298.59 
265.99 298.83 
266.47 298.96 
267.04 299.04 
267.55 299.08 
268.00 299.14 
268.25 299.21 
268.63 299.29 
268.94 299.29 
269.15 299.19 
269.33 299.05 
269.40 298.56 
269.44 298.11 
269.34 297.65 
269.27 297.12 
269.18 296.45 
269.12 295.75 
269.10 295.06 
269.15 294.26 
269.30 293.59 
269.21 292.91 
269.19 292.32 
269.16 291.76 
269.25 291.23 
269.43 290.93 
269.54 290.66 
269.77 290.37 
269.81 290.19 
269.83 290.13 
269.81 290.23 
269.75 290.33 
269.75 290.52 
269.76 290.60 
269.90 290.65 
270.08 290.64 
270.24 290.76 
270.45 290.87 
270.65 291.12 
270.87 291.30 
271.06 291.47 
271.25 291.60 
271.40 291.70 
271.50 291.73 
271.62 291.71 
271.59 291.69 
271.66 291.73 
271.60 291.79 
271.48 291.94 
271.09 291.83 
270.67 291.33 
268.86 290.00 
266.68 288.42 
263.87 286.58 
260.35 284.64 
256.83 282.63 
253.18 280.69 
249.54 278.71 
245.63 276.74 
241.44 274.98 
237.21 273.10 
233.14 271.30 
229.23 269.60 
225.49 268.35 
223.04 267.87 
220.70 267.82 
218.39 268.03 
216.93 268.35 
215.56 268.82 
214.36 269.20 
213.08 269.69 
212.02 270.20 
211.13 270.47 
210.51 270.88 
209.54 271.01 
208.16 271.01 
206.33 270.86 
204.26 270.83 
202.36 270.81 
200.87 271.10 
199.33 271.45 
198.01 271.81 
196.83 272.25 
195.64 272.54 
194.84 272.78 
194.45 272.99 
194.26 273.22 
194.44 273.61 
195.39 274.21 
196.48 274.67 
197.99 275.07 
199.64 275.40 
201.32 275.40 
203.08 275.51 
204.77 275.59 
206.24 275.51 
207.76 275.47 
208.95 275.43 
209.79 275.43 
210.36 275.40 
210.77 275.45 
210.94 275.50 
211.27 275.78 
211.62 275.98 
211.95 276.00 
212.51 276.10 
212.98 276.07 
213.24 276.02 
213.52 276.05 
213.78 275.98 
213.69 275.95 
213.36 275.89 
213.11 275.92 
212.92 275.91 
212.79 275.92 
212.75 275.95 
212.56 276.11 
212.47 276.35 
212.19 276.41 
211.93 276.46 
211.80 276.45 
211.72 276.27 
211.73 276.22 
212.15 276.09 
212.78 275.90 
213.40 275.66 
214.06 275.49 
214.80 275.39 
215.53 275.35 
216.41 275.23 
217.24 275.16 
218.01 275.17 
218.62 275.17 
218.84 275.17 
218.69 275.28 
217.95 275.32 
216.92 275.42 
215.86 275.66 
214.61 275.92 
213.24 276.15 
211.73 276.37 
210.17 276.51 
208.45 276.66 
206.71 276.58 
205.16 276.43 
203.83 276.19 
202.74 275.92 
202.04 275.74 
201.91 275.70 
202.09 275.68 
202.46 275.65 
202.95 275.55 
203.48 275.42 
203.96 275.15 
204.39 274.85 
204.88 274.57 
205.38 274.42 
205.89 274.40 
206.32 274.55 
206.74 274.78 
207.17 274.95 
207.49 275.04 
207.61 275.04 
207.43 274.94 
207.13 274.84 
206.86 274.74 
206.67 274.68 
206.47 274.64 
206.01 274.68 
205.02 274.83 
203.93 274.87 
202.80 274.82 
201.57 274.83 
200.34 274.92 
199.31 275.06 
198.54 275.24 
197.96 275.39 
197.45 275.58 
196.93 275.70 
196.42 275.79 
195.99 275.90 
195.83 275.83 
196.20 275.73 
196.75 275.66 
197.69 275.65 
198.83 275.57 
199.97 275.41 
201.13 275.28 
202.14 275.15 
203.01 275.09 
203.81 275.00 
204.49 274.94 
204.78 274.90 
204.89 274.85 
