317.40 253.49 
317.03 253.61 
314.85 253.34 
310.09 252.60 
304.87 251.93 
299.84 251.60 
294.82 251.47 
289.93 251.31 
285.18 251.16 
281.05 251.04 
277.87 251.07 
276.84 251.51 
277.86 252.39 
279.00 253.30 
280.33 254.22 
281.47 255.08 
282.83 255.85 
283.85 256.38 
284.36 256.57 
284.91 256.52 
285.35 256.51 
285.74 256.56 
286.17 256.65 
285.77 256.51 
285.95 256.64 
286.03 256.75 
286.66 256.95 
287.11 257.04 
287.67 257.13 
288.07 257.23 
288.43 257.27 
288.84 257.31 
289.34 257.30 
289.83 257.28 
290.22 257.15 
290.25 256.92 
291.04 256.90 
291.48 256.77 
291.76 256.62 
291.20 256.14 
291.02 255.68 
290.74 255.19 
290.38 254.49 
289.89 253.63 
288.52 252.34 
286.75 250.88 
286.02 249.58 
287.27 249.07 
293.64 250.62 
300.06 252.31 
306.63 254.27 
312.16 255.74 
316.12 256.43 
319.39 257.28 
318.71 255.77 
317.88 254.33 
317.25 253.19 
317.27 252.28 
317.46 251.53 
316.59 250.65 
313.40 249.14 
304.94 245.54 
296.18 241.67 
287.84 237.92 
280.57 234.59 
275.03 232.10 
270.29 229.79 
269.74 230.17 
269.33 230.67 
268.94 231.20 
268.45 231.76 
267.95 232.43 
267.31 233.00 
266.93 233.62 
266.73 234.30 
266.63 235.11 
266.34 235.81 
266.28 236.71 
266.41 237.83 
266.55 238.86 
266.98 239.76 
267.54 240.59 
267.91 241.11 
268.16 241.61 
268.71 242.18 
269.67 242.82 
270.66 243.23 
271.54 243.50 
272.69 243.81 
273.59 243.80 
274.64 243.83 
275.74 243.76 
276.63 243.46 
277.40 243.13 
278.20 242.79 
279.36 242.79 
281.06 242.99 
282.62 242.99 
284.05 243.00 
285.69 243.08 
287.50 243.36 
289.15 243.76 
290.80 244.44 
292.38 245.15 
293.94 245.72 
295.60 246.16 
296.92 246.29 
298.14 246.41 
299.22 246.32 
299.92 245.53 
300.70 244.81 
301.94 243.95 
303.25 243.11 
304.82 242.19 
306.67 241.28 
308.66 240.23 
310.30 238.58 
314.01 238.23 
319.90 239.86 
325.77 241.61 
331.48 243.17 
337.33 245.02 
343.51 247.39 
349.99 250.46 
356.14 253.93 
361.92 257.62 
367.69 261.39 
372.81 264.96 
378.01 268.29 
383.40 272.16 
386.76 274.76 
388.18 275.60 
389.71 276.44 
391.65 277.70 
393.53 278.90 
395.66 280.64 
397.60 281.76 
399.37 282.49 
401.37 282.78 
403.11 282.94 
405.06 283.25 
406.43 283.60 
407.98 284.07 
409.30 284.62 
411.41 285.96 
413.30 287.47 
413.85 288.59 
413.52 289.27 
412.92 289.60 
412.43 289.92 
412.22 290.33 
412.25 291.16 
414.15 292.39 
416.52 293.10 
418.20 292.97 
419.72 292.52 
421.73 292.07 
423.18 290.90 
424.11 289.56 
426.26 288.50 
429.45 287.83 
432.90 287.18 
436.59 286.69 
440.09 286.23 
443.59 285.74 
445.45 285.00 
447.67 285.20 
451.24 286.48 
454.79 287.90 
457.54 289.17 
459.75 290.33 
462.97 291.82 
466.24 293.41 
469.12 294.91 
471.49 296.30 
473.17 297.47 
474.54 298.50 
475.49 299.33 
476.05 300.14 
475.89 300.55 
475.62 300.93 
475.40 301.40 
475.61 302.11 
475.79 302.87 
475.98 303.63 
475.93 304.22 
475.97 304.81 
476.14 305.43 
476.76 306.23 
477.54 307.14 
478.43 308.12 
479.52 309.04 
480.60 309.81 
481.68 310.47 
482.70 310.97 
483.59 311.37 
484.32 311.74 
484.52 311.82 
484.51 311.84 
484.35 311.68 
484.25 311.54 
483.81 311.27 
483.42 311.03 
483.00 310.82 
482.44 310.60 
481.84 310.46 
481.07 310.31 
480.32 310.25 
479.58 310.14 
479.01 309.99 
478.36 309.77 
477.93 309.64 
477.40 309.40 
476.66 309.05 
475.89 308.72 
475.07 308.46 
474.27 308.21 
473.67 307.99 
473.21 307.82 
472.86 307.72 
472.48 307.56 
472.11 307.40 
471.75 307.21 
471.60 307.16 
471.57 307.11 
471.88 307.43 
472.52 307.89 
473.29 308.33 
473.95 308.67 
474.69 309.03 
475.39 309.37 
476.00 309.61 
476.51 309.81 
476.81 309.99 
477.07 310.14 
476.88 310.16 
476.65 310.09 
476.29 309.93 
475.80 309.63 
475.12 309.36 
474.36 309.12 
473.70 308.92 
472.82 308.61 
471.72 308.13 
470.58 307.74 
469.42 307.41 
468.52 307.24 
467.81 307.17 
468.10 307.41 
468.52 307.71 
469.04 308.04 
469.67 308.41 
470.22 308.68 
470.68 308.89 
471.15 309.14 
471.58 309.42 
472.30 309.89 
473.10 310.25 
474.09 310.60 
475.05 310.80 
475.88 311.01 
476.00 311.00 
475.95 310.94 
475.95 310.97 
475.87 311.01 
475.98 311.15 
476.33 311.31 
476.58 311.40 
476.89 311.50 
476.96 311.49 
476.88 311.57 
476.30 311.43 
475.52 311.24 
474.72 310.92 
474.10 310.73 
473.55 310.64 
472.78 310.37 
472.08 310.13 
471.19 309.86 
470.16 309.63 
469.18 309.45 
468.25 309.22 
467.61 309.06 
467.07 308.88 
467.25 308.96 
467.64 309.06 
468.15 309.25 
468.58 309.37 
469.02 309.37 
469.62 309.58 
470.12 309.71 
470.73 309.83 
471.36 309.92 
472.01 309.94 
472.69 310.01 
473.16 310.07 
473.55 310.11 
