344.00 259.00 
344.27 258.68 
339.89 258.78 
330.08 256.71 
297.59 249.00 
271.72 243.28 
270.63 244.34 
267.05 244.87 
269.34 245.57 
268.32 247.09 
272.21 250.17 
279.02 254.32 
278.76 257.39 
280.42 256.87 
282.59 256.83 
286.15 257.10 
288.65 257.06 
284.10 254.73 
284.92 254.73 
285.50 256.20 
284.21 256.78 
284.21 256.78 
285.98 257.08 
285.56 257.03 
285.67 256.78 
285.87 256.74 
286.16 256.80 
287.61 257.46 
291.84 258.29 
283.41 255.28 
286.37 256.39 
286.02 256.12 
293.64 258.77 
290.04 258.01 
291.53 257.96 
291.21 258.40 
290.19 257.52 
291.03 257.33 
292.40 256.56 
292.56 256.60 
292.62 255.77 
292.15 255.28 
293.80 255.04 
292.10 254.61 
289.64 254.20 
286.33 252.48 
287.74 252.10 
287.79 251.51 
286.56 249.40 
283.81 246.27 
273.19 240.54 
269.42 237.66 
283.07 239.66 
309.01 249.21 
375.07 275.49 
377.44 277.07 
377.44 280.13 
361.44 273.18 
337.63 261.38 
330.13 263.14 
278.72 231.77 
275.59 230.56 
275.56 231.45 
273.45 228.72 
272.08 227.98 
271.98 228.36 
267.81 229.65 
265.16 228.78 
263.59 226.80 
268.99 231.32 
266.97 229.93 
265.55 228.97 
268.35 233.02 
271.64 236.63 
270.17 237.17 
270.56 238.27 
267.10 236.07 
265.54 236.65 
263.66 235.78 
262.79 237.64 
262.56 237.61 
262.30 237.31 
265.22 240.51 
266.25 241.57 
267.23 243.53 
270.23 246.42 
277.18 248.34 
277.43 248.05 
275.33 244.97 
270.32 242.58 
272.74 243.99 
276.14 244.06 
275.62 242.98 
274.02 241.15 
277.26 241.33 
276.94 240.42 
279.87 242.01 
281.62 242.61 
281.74 242.53 
287.26 244.00 
287.81 243.71 
290.43 244.95 
292.39 245.14 
292.97 243.96 
294.78 244.26 
296.85 243.92 
297.57 244.89 
298.70 246.41 
298.37 249.40 
300.37 251.13 
301.90 250.08 
303.45 248.20 
304.32 245.77 
303.69 245.16 
304.43 243.85 
301.57 234.74 
303.09 234.64 
310.88 233.13 
313.97 232.95 
317.95 233.02 
322.78 234.56 
324.27 235.84 
321.61 229.64 
350.23 245.54 
380.11 269.42 
380.65 268.55 
377.86 265.40 
380.41 267.92 
381.87 265.55 
387.31 274.54 
390.73 278.21 
389.08 280.81 
392.87 282.07 
389.38 280.89 
391.93 279.18 
391.65 279.99 
394.05 279.33 
398.57 280.32 
400.53 279.43 
403.06 281.82 
404.89 283.45 
409.54 288.34 
412.53 289.09 
413.70 287.74 
415.15 284.45 
415.42 284.14 
414.77 284.99 
409.69 283.70 
411.80 286.11 
411.15 286.52 
426.03 297.71 
425.19 299.14 
410.21 296.28 
400.54 292.28 
401.78 292.62 
406.14 293.27 
410.92 293.11 
415.60 295.20 
440.23 300.11 
445.59 294.25 
431.52 281.89 
431.55 280.27 
437.35 280.72 
444.77 282.47 
437.19 281.84 
438.17 282.50 
441.97 283.53 
446.60 284.29 
454.12 286.83 
456.56 287.21 
461.10 288.84 
464.48 290.42 
474.40 296.81 
477.85 298.63 
477.78 298.66 
472.98 297.24 
473.55 297.48 
479.01 301.27 
480.61 303.13 
479.47 303.05 
477.33 302.38 
476.07 302.03 
474.27 300.59 
473.47 299.64 
471.89 300.96 
472.28 302.07 
474.30 303.61 
475.01 304.76 
475.64 306.41 
475.96 307.48 
481.43 311.16 
480.06 310.67 
479.97 310.72 
479.48 310.53 
484.12 312.33 
484.40 312.49 
485.08 312.28 
486.09 312.95 
486.25 312.05 
488.34 312.27 
488.25 311.23 
487.24 311.67 
485.45 312.22 
484.00 312.27 
479.88 310.92 
477.89 308.60 
478.25 308.73 
478.32 308.88 
479.37 309.32 
479.66 309.59 
478.90 310.11 
478.43 310.23 
478.35 310.22 
478.50 310.45 
477.61 310.32 
477.99 310.24 
475.55 309.42 
474.28 309.25 
470.94 305.44 
468.71 304.16 
468.29 304.62 
468.69 305.88 
469.27 306.33 
471.06 307.34 
472.50 308.05 
473.89 308.94 
473.50 308.26 
472.82 308.34 
473.25 307.79 
473.64 308.75 
473.82 308.58 
474.92 309.60 
477.04 310.11 
478.32 310.33 
477.27 310.24 
478.93 311.09 
480.14 311.78 
480.46 311.19 
480.50 311.42 
477.41 310.66 
476.15 310.25 
470.81 308.05 
470.64 307.87 
469.20 306.43 
468.47 305.79 
468.25 306.54 
468.41 307.21 
468.76 307.64 
467.44 307.11 
465.90 305.55 
465.68 306.17 
465.38 307.03 
465.66 308.54 
466.91 309.27 
474.61 311.20 
476.14 311.71 
475.90 310.81 
476.73 310.53 
475.41 310.02 
474.33 309.93 
474.86 310.88 
473.03 310.80 
475.22 311.71 
476.09 310.84 
478.26 311.55 
478.16 311.20 
477.71 311.94 
476.21 311.03 
475.42 310.99 
475.93 311.18 
475.69 311.06 
476.80 311.83 
478.89 312.08 
478.13 312.00 
477.06 312.13 
476.11 311.58 
475.06 311.82 
470.77 309.68 
467.99 308.75 
467.26 307.76 
468.19 308.60 
468.26 309.87 
465.93 307.64 
466.64 307.99 
465.19 308.22 
465.48 309.20 
465.41 309.57 
464.95 309.13 
467.85 309.57 
467.95 309.53 
473.13 310.63 
473.10 310.09 
473.92 310.28 
473.77 310.09 
473.97 309.83 
473.67 310.40 
473.11 309.73 
