304.00 277.00 
304.14 276.95 
303.27 276.49 
302.71 276.62 
302.18 276.46 
301.57 276.74 
301.81 276.62 
300.04 276.49 
300.53 275.24 
299.19 275.45 
297.92 274.75 
295.46 273.83 
291.04 273.20 
287.79 271.90 
290.85 266.84 
275.05 268.87 
268.13 267.28 
260.40 265.37 
251.67 266.28 
249.51 273.94 
247.29 278.80 
245.95 283.07 
248.38 283.45 
249.26 283.55 
251.11 284.80 
251.90 284.35 
252.35 284.41 
253.40 286.23 
259.64 287.07 
263.28 289.62 
264.30 290.89 
265.21 290.77 
265.63 287.87 
265.09 286.26 
265.27 284.09 
268.26 283.89 
269.12 283.64 
272.30 283.93 
277.81 284.52 
278.39 284.57 
280.37 285.34 
280.80 285.08 
280.50 285.13 
281.26 286.20 
281.98 286.50 
281.43 286.06 
281.41 285.78 
281.40 285.79 
281.18 285.09 
281.04 284.61 
281.31 286.84 
279.51 291.47 
280.30 291.75 
277.75 292.48 
275.78 292.15 
275.58 291.90 
272.14 290.09 
270.99 290.76 
269.07 289.74 
268.81 289.76 
267.79 288.21 
267.38 287.78 
267.49 285.85 
268.87 286.05 
269.36 285.85 
269.05 285.86 
268.26 287.59 
268.65 287.61 
269.85 287.59 
269.48 287.34 
269.33 286.54 
269.68 286.13 
269.52 286.98 
269.46 287.25 
268.27 288.00 
269.27 288.10 
268.91 287.82 
268.72 288.42 
269.32 287.71 
268.48 289.49 
268.20 288.97 
268.45 288.76 
268.17 288.87 
268.31 288.66 
268.38 289.21 
268.37 289.65 
267.23 290.18 
266.98 290.31 
266.05 290.76 
266.84 290.77 
266.80 290.71 
265.82 291.13 
265.65 291.99 
265.39 292.04 
264.72 293.68 
265.80 293.35 
265.36 295.25 
265.38 296.08 
265.40 296.21 
263.88 298.39 
263.47 298.45 
264.02 298.86 
265.02 298.98 
265.36 298.63 
265.69 298.63 
265.62 298.66 
267.04 298.62 
265.80 298.66 
266.47 299.06 
267.31 299.01 
268.61 299.45 
269.59 299.43 
270.15 300.09 
270.91 299.45 
270.64 299.44 
270.78 299.71 
268.65 299.51 
270.58 299.63 
269.62 298.73 
269.86 297.35 
268.13 296.78 
267.33 292.75 
267.80 293.05 
267.40 293.52 
268.73 292.59 
268.95 291.31 
270.09 290.34 
270.43 290.47 
271.39 289.38 
270.58 290.78 
269.42 290.80 
269.34 291.13 
269.54 289.98 
269.22 289.90 
269.69 288.80 
269.25 289.60 
270.33 289.72 
269.23 290.27 
269.33 290.56 
269.79 291.57 
269.60 291.75 
271.45 291.93 
270.63 291.77 
271.33 291.41 
271.60 291.09 
271.69 291.42 
271.87 291.44 
272.37 292.00 
272.06 292.00 
272.84 291.91 
271.62 291.91 
271.35 291.87 
271.10 291.93 
271.13 291.53 
271.08 291.76 
271.52 292.18 
270.60 292.27 
270.05 292.95 
266.62 290.05 
266.37 284.92 
248.84 274.69 
243.63 271.40 
236.30 268.05 
225.81 266.67 
225.70 265.75 
223.62 266.73 
223.80 265.87 
220.30 266.15 
217.15 269.26 
215.68 267.93 
217.13 269.47 
215.81 267.94 
217.71 268.72 
216.99 268.34 
213.19 270.75 
206.24 270.79 
206.77 270.86 
207.94 271.87 
207.99 271.69 
207.12 272.26 
206.50 272.70 
205.60 272.83 
207.64 273.21 
204.59 271.12 
197.86 268.01 
193.86 266.80 
190.02 267.85 
188.57 270.50 
186.80 274.68 
186.80 275.34 
190.75 276.57 
192.67 277.43 
191.74 276.03 
196.05 275.79 
200.63 275.51 
205.10 276.24 
206.89 276.15 
210.18 275.75 
208.04 272.83 
209.64 273.05 
210.03 274.81 
208.66 274.70 
209.68 276.80 
212.64 277.55 
211.84 276.42 
211.52 275.50 
211.45 275.30 
211.61 275.56 
212.53 275.85 
212.24 276.70 
212.36 276.45 
212.36 276.49 
214.15 275.66 
214.32 274.99 
215.97 276.02 
215.75 276.50 
216.02 276.82 
215.51 276.86 
214.84 274.50 
210.26 274.96 
207.31 274.73 
209.27 276.31 
209.87 276.53 
210.62 276.59 
211.84 276.93 
211.78 277.62 
213.09 278.16 
212.28 276.87 
212.44 277.06 
214.32 276.77 
214.49 274.41 
214.91 273.87 
215.70 273.30 
215.51 272.26 
217.28 273.15 
218.47 274.35 
220.34 275.29 
221.26 276.45 
223.28 276.13 
223.86 277.17 
222.23 277.02 
220.42 277.09 
217.08 276.66 
212.57 275.91 
205.21 274.30 
202.40 274.65 
201.65 275.38 
201.05 276.54 
200.74 277.40 
200.71 278.15 
201.01 278.21 
200.92 278.14 
201.28 276.13 
202.10 275.06 
203.12 273.99 
202.90 273.11 
203.50 273.51 
203.44 273.82 
204.72 274.39 
206.47 275.04 
207.40 275.27 
207.65 275.62 
206.94 274.62 
206.65 274.36 
207.27 274.51 
207.74 274.10 
208.75 274.83 
208.77 276.03 
208.27 276.05 
209.14 275.74 
207.56 275.00 
206.35 274.38 
204.15 273.67 
203.42 273.99 
204.17 274.39 
204.41 273.83 
204.10 273.80 
201.24 275.09 
194.92 275.97 
194.61 275.36 
194.02 275.38 
192.34 276.19 
193.06 276.98 
194.26 276.76 
196.29 276.75 
196.64 275.65 
196.77 276.38 
197.41 275.96 
197.87 274.97 
198.52 275.22 
199.02 274.26 
199.85 274.67 
201.70 274.46 
206.21 275.15 
207.16 275.20 
207.96 274.87 
209.34 275.07 
